Name	Page Width	Page Height	Columns	Rows	Left Margin	Top Margin	Width	Height	Width plus gap	Height plus gap	Corner type	Radius X	Paper type	Orientation	Half page perf skip	Half page row count	Description	Units
2160 Address	6120	14400	1	8	1166	720	3787	1440	4954	1440	1	271	0	1	1440	4		1440
2160 Address - 1/2 Sheet	6120	7200	1	4	1166	720	3787	1440	4954	1440	1	271	0	1	0	0		1440
2162 Address	6120	14400	1	6	173	720	5760	1915	5947	1915	1	271	0	1	1440	3		1440
2162 Address - 1/2 Sheet	6120	7200	1	3	173	720	5760	1915	5947	1915	1	271	0	1	0	0		1440
2163 Address/Shipping - 1/2 Sheet	6120	7200	1	2	173	720	5760	2880	5947	2880	1	271	0	1	0	0		1440
2163 Address/Shipping	6120	14400	1	4	173	720	5760	2880	5947	2880	1	271	0	1	1440	2		1440
2180 File Folder - Assorted	6120	14400	1	12	648	720	4954	950	5472	950	1	271	0	1	1440	6		1440
2180 File Folder - Assorted - 1/2 Sheet	6120	7200	1	6	648	720	4954	950	5472	950	1	271	0	1	0	0		1440
2181 File Folder - White	6120	14400	1	12	648	720	4954	950	5472	950	1	271	0	1	1440	6		1440
2181 File Folder - White - 1/2 Sheet	6120	7200	1	6	648	720	4954	950	5472	950	1	271	0	1	0	0		1440
2186 3-1/2'' Diskette	6120	14400	1	4	1080	720	3960	2880	5040	2880	1	271	0	1	1440	2		1440
2186 3-1/2'' Diskette  - 1/2 Sheet	6120	7200	1	2	1080	720	3960	2880	5040	2880	1	271	0	1	0	0		1440
3110 Avery Kids'  Rectangle	8.5	11	3	6	0.375	1.125	2.375	1.25	2.6875	1.5	0	0	0	1	0	0		1
3111 Avery Kids'  Square Stickers	8.5	11	3	3	0.313	1.25	2.5	2.5	2.6875	3	0	0	0	1	0	0		1
3112 Avery Kids'  Small Round	8.5	11	4	5	0.5	0.75	1.5	1.5	2	2	2	0	0	1	0	0		1
3113 Avery Kids'  Big Round	8.5	11	3	3	0.3125	1.25	2.5	2.5	2.6875	3	2	0	0	1	0	0		1
3114 Avery Kids'  Full Page	8.5	11	1	1	0	0	8.5	11	0	0	0	0	0	1	0	0		1
3261 White Large Labels	8.5	11	2	6	0.375	1.125	3.75	1.25	4	1.5	0	0	0	1	0	0		1
3261 White Small Labels	8.5	11	3	6	0.375	1.125	2.375	1.25	2.6875	1.5	0	0	0	1	0	0		1
3263 White Post Cards	11	8.5	2	2	0	0	5.5	4.25	5.5	4.25	0	0	0	0	0	0		1
3267 Full-Size Card Sheet	8.5	11	1	1	0	0	8.5	11	0	0	0	0	0	1	0	0		1
3271 Iron-On T-Shirt Transfer Sheet	8.5	11	1	1	0	0	8.5	11	0	0	0	0	0	1	0	0		1
3610 Avery Kids'  Greeting Cards	11	8.5	2	1	0.75	0.75	4.5	7	5	7	0	0	0	0	0	0		1
3610 Avery Kids'  Greeting Cards	8.5	11	1	2	0.75	0.75	7	4.5	7	5	0	0	0	1	0	0		1
3611 Avery Kids'  Post Card	8.5	11	1	2	1.25	1.25	6	4	6	4.5	0	0	0	1	0	0		1
3612 Avery Kids'  Biz Card	8.5	11	2	4	0.5	0.75	3.5	2	4	2.5	0	0	0	1	0	0		1
3613 Avery Kids'  Laminated ID Cards	8.5	11	1	3	4.3125	0.8333	3.25	2	3.25	3.6666	0	0	0	1	0	0		1
4010 Address-Roll	6120	2880	1	2	540	45	5040	1351	5040	1440	1	180	1	1	0	0		1440
4011 Address-Roll	6840	4320	1	2	540	45	5760	2071	5760	2160	1	180	1	1	0	0		1440
4013 Address	6120	2880	1	2	540	45	5040	1351	5040	1440	1	180	1	1	0	0		1440
4014 Address	6840	4320	1	2	540	45	5760	2071	5760	2160	1	180	1	1	0	0		1440
4015 Address	8640	2880	1	2	720	45	7200	1351	7200	1440	1	180	1	1	0	0		1440
4016 Address	17640	1440	4	2	540	45	4032	631	4176	720	1	180	1	1	0	0		1440
4017 Shipping	6480	7200	1	2	540	90	5400	3420	5400	3600	1	180	1	1	0	0		1440
4018 Address - Removable	6120	2880	1	2	540	45	5040	1351	5040	1440	1	180	1	1	0	0		1440
4019 Address - Removable	6840	4320	1	2	540	45	5760	2071	5760	2160	1	180	1	1	0	0		1440
4020 Address	5760	2880	1	2	720	45	4320	1351	4320	1440	1	180	1	1	0	0		1440
4021 Address	19152	2880	4	2	720	45	4320	1351	4464	1440	1	180	1	1	0	0		1440
4022 Address	7200	5760	1	2	720	45	5760	2791	5760	2880	1	180	1	1	0	0		1440
4027 File Folder/Address	6120	1440	1	2	540	45	5040	631	5040	720	1	180	1	1	0	0		1440
4029 Address	22032	2880	4	2	720	45	5040	1351	5184	1440	1	180	1	1	0	0		1440
4030 Address	11664	2880	2	2	720	45	5040	1351	5184	1440	1	180	1	1	0	0		1440
4031 Address	16560	2880	3	2	576	45	5040	1351	5184	1440	1	180	1	1	0	0		1440
4032 Address	12816	4320	2	2	576	45	5760	2071	5904	2160	1	180	1	1	0	0		1440
4033 Address	18720	4320	3	2	576	45	5760	2071	5904	2160	1	180	1	1	0	0		1440
4035 Address	6120	5760	1	2	540	45	5040	2791	5040	2880	1	180	1	1	0	0		1440
4037 Address	8496	2880	2	2	576	45	3600	1351	3744	1440	1	180	1	1	0	0		1440
4043 Shipping	9360	9599	1	2	720	194	7920	4411	7920	4800	1	180	1	1	0	0		1440
4052 Data Storage	6660	5760	1	2	540	135	5580	2611	5580	2880	1	180	1	1	0	0		1440
4056 Data Storage	6660	4320	1	2	540	45	5580	2071	5580	2160	1	180	1	1	0	0		1440
4058 Data Storage	6660	4320	1	2	540	45	5580	2071	5580	2160	1	180	1	1	0	0		1440
4060 Address	6120	4320	1	2	540	45	5040	2071	5040	2160	1	180	1	1	0	0		1440
4061 Address	11376	4320	2	2	576	45	5040	2071	5184	2160	1	180	1	1	0	0		1440
4062 Address	16560	4320	3	2	576	45	5040	2071	5184	2160	1	180	1	1	0	0		1440
4065 Address	7200	2880	1	2	720	45	5760	1351	5760	1440	1	180	1	1	0	0		1440
4066 Address	12816	2880	2	2	576	45	5760	1351	5904	1440	1	180	1	1	0	0		1440
4067 Address	18720	2880	3	2	576	45	5760	1351	5904	1440	1	180	1	1	0	0		1440
4076 Shipping	8280	8640	1	2	540	45	7200	4231	7200	4320	1	180	1	1	0	0		1440
4087 Address	13104	1440	4	2	576	45	2880	631	3024	720	1	180	1	1	0	0		1440
4088 Shipping	7200	8640	1	2	540	45	6120	4231	6120	4320	1	180	1	1	0	0		1440
4090 Address	8640	5760	1	2	720	45	7200	2791	7200	2880	1	180	1	1	0	0		1440
4097 Piggyback	6120	2880	1	2	540	45	5040	1351	5040	1440	1	180	1	1	0	0		1440
4104 Address	4680	2880	1	2	540	45	3600	1351	3600	1440	1	180	1	1	0	0		1440
4106 Address	5184	5760	1	2	576	45	4032	2791	4032	2880	1	180	1	1	0	0		1440
4109 Address	20880	2880	4	2	720	45	4752	1351	4896	1440	1	180	1	1	0	0		1440
4110 Shipping	9360	8640	1	2	540	45	8280	4231	8280	4320	1	180	1	1	0	0		1440
4143 Address	13104	2880	2	2	720	45	5760	1351	5904	1440	1	180	1	1	0	0		1440
4144 Address	12528	2880	3	2	720	45	3600	1351	3744	1440	1	180	1	1	0	0		1440
4145 Address	6480	2880	1	2	720	45	5040	1351	5040	1440	1	180	1	1	0	0		1440
4146 Address	6840	4320	1	2	540	45	5760	2071	5760	2160	1	180	1	1	0	0		1440
4150 Address Landscape	5040	3154	1	1	0	0	5040	1577	5040	1577	1	180	1	0	0	0		1440
4150 Address Portrait	1577	10080	1	1	0	0	1577	5040	1577	5040	1	180	1	1	0	0		1440
4160 Name Badge	6120	7200	1	2	540	45	5040	3511	5040	3600	1	180	1	1	0	0		1440
4161 Shipping-Red Border	6840	8640	1	2	540	45	5760	4231	5760	4320	1	180	1	1	0	0		1440
4162 Address-Clear	6120	2880	1	2	540	45	5040	1351	5040	1440	1	180	1	1	0	0		1440
4163 Piggyback	6120	2880	1	2	540	45	5040	1351	5040	1440	1	180	1	1	0	0		1440
4166 Index Card	8640	8640	1	2	720	0	7200	4320	7200	4320	0	0	1	1	0	0		1440
4167 Post Card	10080	10080	1	2	720	0	8640	5040	8640	5040	0	0	1	1	0	0		1440
4168 Rotary Index Card	7200	6241	1	2	720	0	5760	3120	5760	3120	0	0	1	1	0	0		1440
4169 Rotary Index Card	8640	8640	1	2	720	0	7200	4320	7200	4320	0	0	1	1	0	0		1440
4177 Address	6120	2880	1	2	540	45	5040	1351	5040	1440	1	180	1	1	0	0		1440
4178 Address-Clear	6120	2880	1	2	540	45	5040	1351	5040	1440	1	180	1	1	0	0		1440
4207 Address/Price Marking	12960	1440	5	2	792	90	2160	540	2304	720	1	180	1	1	0	0		1440
4240 5-1/4'' Diskette	8280	4320	1	2	720	180	6840	1800	6840	2160	1	180	1	1	0	0		1440
4241 3-1/2'' Diskette	6480	8640	1	2	1260	180	3960	3960	3960	4320	1	180	1	1	0	0		1440
4249 Address-Green	6480	2880	1	2	720	45	5040	1351	5040	1440	1	180	1	1	0	0		1440
4250 Address-Blue	6480	2880	1	2	720	45	5040	1351	5040	1440	1	180	1	1	0	0		1440
4251 Address-Pink	6480	2880	1	2	720	45	5040	1351	5040	1440	1	180	1	1	0	0		1440
4253 Address-Yellow	6480	2880	1	2	720	45	5040	1351	5040	1440	1	180	1	1	0	0		1440
4254 Address-Red Glow	6480	2880	1	2	720	45	5040	1351	5040	1440	1	180	1	1	0	0		1440
4255 File Folder	6480	1440	1	2	720	45	5040	631	5040	720	1	180	1	1	0	0		1440
4266 File Folder-Assorted	6480	1440	1	2	720	45	5040	631	5040	720	1	180	1	1	0	0		1440
4600 Address	6480	2880	1	2	720	45	5040	1351	5040	1440	1	180	1	1	0	0		1440
4601 Address-Clear	6120	2880	1	2	540	45	5040	1351	5040	1440	1	180	1	1	0	0		1440
4602 Address	11664	2880	2	2	720	45	5040	1351	5184	1440	1	180	1	1	0	0		1440
4603 Address	16560	2880	3	2	576	45	5040	1351	5184	1440	1	180	1	1	0	0		1440
5066 File Folder - Red	12240	15840	2	15	765	720	4951	960	5760	960	1	360	0	1	0	0		1440
5095 Name Badge - Red	12240	15840	2	4	991	840	4860	3360	5400	3600	1	720	0	1	0	0		1440
5095 Name Badge - Red	15840	12240	4	2	840	991	3360	4860	3600	5400	1	720	0	0	0	0		1440
5096 3-1/2'' Diskette - Red	12240	15840	3	3	180	720	3960	3960	3960	4320	1	270	0	1	0	0		1440
5097 5-1/4'' Diskette - Red	12240	15840	2	6	225	1440	5760	2160	6031	2160	1	270	0	1	0	0		1440
5097 5-1/4'' Diskette - Red	15840	12240	6	2	1440	225	2160	5760	2160	6031	1	270	0	0	0	0		1440
5159 Address	12240	15840	2	7	225	360	5760	2160	6031	2160	1	270	0	1	0	0		1440
5159 Address	15840	12240	7	2	360	225	2160	5760	2160	6031	1	270	0	0	0	0		1440
5160 Address	12240	15840	3	10	271	720	3780	1440	3940	1440	1	270	0	1	0	0		1440
5160 Address	15840	12240	10	3	720	271	1440	3780	1440	3960	1	270	0	0	0	0		1440
5161 Address	12240	15840	2	10	225	720	5760	1440	6031	1440	1	270	0	1	0	0		1440
5161 Address	15840	12240	10	2	720	225	1440	5760	1440	6031	1	270	0	0	0	0		1440
5162 Address	12240	15840	2	7	225	1200	5760	1920	6031	1920	1	270	0	1	0	0		1440
5162 Address	15840	12240	7	2	1200	225	1920	5760	1920	6031	1	270	0	0	0	0		1440
5163 Address/Shipping	12240	15840	2	5	225	720	5760	2880	6031	2880	1	540	0	1	0	0		1440
5163 Address/Shipping	15840	12240	5	2	720	225	2880	5760	2880	6031	1	540	0	0	0	0		1440
5164 Address/Shipping	12240	15840	2	3	225	720	5760	4800	6031	4800	1	540	0	1	0	0		1440
5165 Address/Shipping	15840	12240	3	2	720	225	4800	5760	4800	6031	1	540	0	0	0	0		1440
5165 Full Sheet	15840	12240	1	1	0	0	15840	12240	15840	12240	0	0	0	0	0	0		1440
5165 Full Sheet	12240	15840	1	1	0	0	12240	15840	12240	15840	0	0	0	1	0	0		1440
5182 Laser Transparencies	15840	12240	1	1	0	0	15840	12240	15840	12240	0	0	0	0	0	0		1440
5182 Laser Transparencies	12240	15840	1	1	0	0	12240	15840	12240	15840	0	0	0	1	0	0		1440
5183 Laser ColorFrames Blue	15840	12240	1	1	1080	1260	13680	9720	15840	12240	1	900	0	0	0	0		1440
5183 Laser ColorFrames Blue	12240	15840	1	1	1260	1080	9720	13680	12240	15840	1	900	0	1	0	0		1440
5184 Laser ColorFrames Red	15840	12240	1	1	1080	1260	13680	9720	15840	12240	1	900	0	0	0	0		1440
5184 Laser ColorFrames Red	12240	15840	1	1	1260	1080	9720	13680	12240	15840	1	900	0	1	0	0		1440
5185 Laser ColorFrames Green	15840	12240	1	1	1080	1260	13680	9720	15840	12240	1	900	0	0	0	0		1440
5185 Laser ColorFrames Green	12240	15840	1	1	1260	1080	9720	13680	12240	15840	1	900	0	1	0	0		1440
5196 3-1/2'' Diskette	12240	15840	3	3	180	720	3960	3960	3960	4320	1	270	0	1	0	0		1440
5197 5-1/4'' Diskette	12240	15840	2	6	225	1440	5760	2160	6031	2160	1	270	0	1	0	0		1440
5197 5-1/4'' Diskette	15840	12240	6	2	1440	225	2160	5760	2160	6031	1	270	0	0	0	0		1440
5198 Audio Cassette	12240	15840	2	6	720	720	5040	2400	5760	2400	100	360	0	1	0	0		1440
5199 Video Cassette Face	12240	15840	2	5	1539	1320	4411	2640	4752	2640	1	360	0	1	0	0		1440
5199 Video Cassette Face	15840	12240	5	2	1320	1539	2640	4411	2640	4752	1	270	0	0	0	0		1440
5199 Video Cassette Spine	12240	15840	1	15	1935	720	8371	960	8371	960	1	270	0	1	0	0		1440
5260 Address	12240	15840	3	10	271	720	3780	1440	3960	1440	1	360	0	1	0	0		1440
5260 Address	15840	12240	10	3	720	271	1440	3780	1440	3960	1	360	0	0	0	0		1440
5261 Address	12240	15840	2	10	225	720	5760	1440	6031	1440	1	270	0	1	0	0		1440
5261 Address	15840	12240	10	2	720	225	1440	5760	1440	6031	1	270	0	0	0	0		1440
5262 Address	12240	15840	2	7	225	1200	5760	1920	6031	1920	1	270	0	1	0	0		1440
5262 Address	15840	12240	7	2	1200	225	1920	5760	1920	6031	1	270	0	0	0	0		1440
5263 Address	12240	15840	2	5	225	720	5760	2880	6031	2880	0	0	0	1	0	0		1440
5266 File Folder	12240	15840	2	15	765	720	4951	960	5760	960	1	360	0	1	0	0		1440
5267 Return Address	12240	15840	4	20	405	720	2520	720	2971	720	1	270	0	1	0	0		1440
5267 Return Address	15840	12240	20	4	720	449	720	2520	720	2952	1	270	0	0	0	0		1440
5277 Ink Jet Transparencies	15840	12240	1	1	0	0	15840	12240	15840	12240	0	0	0	0	0	0		1440
5277 Ink Jet Transparencies	12240	15840	1	1	0	0	12240	15840	12240	15840	0	0	0	1	0	0		1440
5282 Laser Transparencies	15840	12240	1	1	0	0	15840	12240	15840	12240	0	0	0	0	0	0		1440
5282 Laser Transparencies	12240	15840	1	1	0	0	12240	15840	12240	15840	0	0	0	1	0	0		1440
5285 Laser ColorFrames Assorted	15840	12240	1	1	1080	1260	13680	9720	15840	12240	1	900	0	0	0	0		1440
5285 Laser ColorFrames Assorted	12240	15840	1	1	1260	1080	9720	13680	12240	15840	1	900	0	1	0	0		1440
5286 Laser ColorFrames Blue	15840	12240	1	1	1080	1260	13680	9720	15840	12240	1	900	0	0	0	0		1440
5286 Laser ColorFrames Blue	12240	15840	1	1	1260	1080	9720	13680	12240	15840	1	900	0	1	0	0		1440
5293 Round	12240	15840	4	6	631	720	2340	2340	2880	2400	2	0	0	1	0	0		1440
5294 Round	12240	15840	3	4	360	720	3600	3600	3960	3600	2	0	0	1	0	0		1440
5295 Round	12240	15840	2	3	900	720	4800	4800	5669	4800	2	0	0	1	0	0		1440
5366 File Folder - White	12240	15840	2	15	765	720	4951	960	5760	960	1	360	0	1	0	0		1440
5371 Business Card	12240	15840	2	5	1080	720	5040	2880	5040	2880	0	0	0	1	0	0		1440
5371 Business Card	15840	12240	5	2	720	1080	2880	5040	2880	5040	0	0	0	0	0	0		1440
5383 Name Tag	12240	15840	2	4	1080	1680	5040	3120	5040	3120	0	0	0	1	0	0		1440
5383 Name Tag	15840	12240	4	2	1680	1080	3120	5040	3120	5040	0	0	0	0	0	0		1440
5384 Name Tag	12240	15840	2	3	360	1440	5760	4320	5760	4320	0	0	0	1	0	0		1440
5384 Name Tag	15840	12240	3	2	1620	360	4320	5760	4320	5760	0	0	0	0	0	0		1440
5385 Rotary Index Card	12240	15840	2	4	360	1680	5760	3120	5760	3120	101	0	0	1	0	0		1440
5385 Rotary Index Card	15840	12240	4	2	1680	360	3120	5760	3120	5760	101	0	0	0	0	0		1440
5386 Rotary Index Card	12240	15840	1	3	2520	1440	7200	4320	7200	4320	102	0	0	1	0	0		1440
5386 Rotary Index Card	15840	12240	3	1	1440	2520	4320	7200	4320	7200	102	0	0	0	0	0		1440
5388 Index Card	12240	15840	1	3	2520	1440	7200	4320	7200	4320	0	0	0	1	0	0		1440
5388 Index Card	15840	12240	3	1	1440	2520	4320	7200	4320	7200	0	0	0	0	0	0		1440
5389 Index/Post Card	12240	15840	1	2	1800	2160	8640	5760	8640	5760	0	0	0	1	0	0		1440
5389 Index/Post Card	15840	12240	2	1	2160	1800	5760	8640	5760	8640	0	0	0	0	0	0		1440
5395 Name Badge	12240	15840	2	4	991	840	4860	3360	5400	3600	1	360	0	1	0	0		1440
5395 Name Badge	15840	12240	4	2	840	991	3360	4860	3600	5400	1	360	0	0	0	0		1440
5660 Clear Address	12240	15840	3	10	0	720	4080	1440	4080	1440	0	270	0	1	0	0		1440
5660 Clear Address	15840	12240	10	3	720	0	1440	4080	1440	4080	0	270	0	0	0	0		1440
5661 Clear Address	12240	15840	2	10	0	720	6120	1440	6120	1440	0	0	0	1	0	0		1440
5661 Clear Address	15840	12240	10	2	720	0	1440	6120	1440	6120	0	0	0	0	0	0		1440
5662 Clear Address	12240	15840	2	7	0	1202	6120	1920	6120	1920	0	270	0	1	0	0		1440
5662 Clear Address	15840	12240	7	2	1202	0	1920	6120	1920	6120	0	270	0	0	0	0		1440
5663 Clear Address	12240	15840	2	5	0	720	6120	2880	6120	2880	0	540	0	1	0	0		1440
5663 Clear Address	15840	12240	5	2	720	0	2880	6120	2880	6120	0	540	0	0	0	0		1440
5664 Clear Address/Shipping	12240	15840	2	3	0	720	6120	4800	6120	4800	0	540	0	1	0	0		1440
5664 Clear Address/Shipping	15840	12240	3	2	720	225	4800	5760	4800	6031	0	540	0	0	0	0		1440
5667 Clear Return Address	12240	15840	4	20	432	720	2520	720	2952	720	1	270	0	1	0	0		1440
5667 Clear Return Address	15840	12240	20	4	720	449	720	2520	720	2952	1	270	0	0	0	0		1440
5766 File Folder - Blue	12240	15840	2	15	765	720	4951	960	5760	960	1	360	0	1	0	0		1440
5883 Name Tag - Blue	12240	15840	2	4	1080	1680	5040	3120	5040	3120	0	0	0	1	0	0		1440
5883 Name Tag - Blue	15840	12240	4	2	1680	1080	3120	5040	3120	5040	0	0	0	0	0	0		1440
5895 Name Badge - Blue	12240	15840	2	4	991	840	4860	3360	5400	3600	1	720	0	1	0	0		1440
5895 Name Badge - Blue	15840	12240	4	2	840	991	3360	4860	3600	5400	1	720	0	0	0	0		1440
5896 3-1/2'' Diskette - Blue	12240	15840	3	3	180	720	3960	3960	3960	4320	1	270	0	1	0	0		1440
5897 5-1/4'' Diskette - Blue	12240	15840	2	6	225	1440	5760	2160	6031	2160	1	270	0	1	0	0		1440
5897 5-1/4'' Diskette - Blue	15840	12240	6	2	1440	225	2160	5760	2160	6031	1	270	0	0	0	0		1440
5970 Magenta Fluorescent	15840	12240	10	3	720	271	1440	3780	1440	3960	1	360	0	0	0	0		1440
5970 Magenta Fluorescent	12240	15840	3	10	271	720	3780	1440	3960	1440	1	360	0	1	0	0		1440
5971 Green Fluorescent	15840	12240	10	3	720	271	1440	3780	1440	3960	1	360	0	0	0	0		1440
5971 Green Fluorescent	12240	15840	3	10	271	720	3780	1440	3960	1440	1	360	0	1	0	0		1440
5972 Yellow Fluorescent	15840	12240	10	3	720	271	1440	3780	1440	3960	1	360	0	0	0	0		1440
5972 Yellow Fluorescent	12240	15840	3	10	271	720	3780	1440	3960	1440	1	360	0	1	0	0		1440
5979 Assorted Fluorescent	12240	15840	3	10	271	720	3780	1440	3960	1440	1	360	0	1	0	0		1440
5979 Assorted Fluorescent	15840	12240	10	3	720	271	1440	3780	1440	3960	1	360	0	0	0	0		1440
5980 Blue Pastel	15840	12240	10	3	720	271	1440	3780	1440	3960	1	360	0	0	0	0		1440
5980 Blue Pastel	12240	15840	3	10	271	720	3780	1440	3960	1440	1	360	0	1	0	0		1440
5982 Canary Pastel	15840	12240	10	3	720	271	1440	3780	1440	3960	1	360	0	0	0	0		1440
5982 Canary Pastel	12240	15840	3	10	271	720	3780	1440	3960	1440	1	360	0	1	0	0		1440
5983 Lavender Pastel	15840	12240	10	3	720	271	1440	3780	1440	3960	1	360	0	0	0	0		1440
5983 Lavender Pastel	12240	15840	3	10	271	720	3780	1440	3960	1440	1	360	0	1	0	0		1440
6490 3-1/2'' Diskette	8.5	11	3	5	0.125	0.5	2.625	2	2.75	2	1	0.125	0	1	0	0		1
8160 Address	12240	15840	3	10	271	720	3780	1440	3960	1440	1	360	0	1	0	0		1440
8162 Address	12240	15840	2	7	225	1200	5760	1920	6031	1920	1	270	0	1	0	0		1440
8162 Address	15840	12240	7	2	1200	225	1920	5760	1920	6031	1	270	0	0	0	0		1440
8163 Address/Shipping	12240	15840	2	5	225	720	5760	2880	6031	2880	1	540	0	1	0	0		1440
8163 Address/Shipping	15840	12240	5	2	720	225	2880	5760	2880	6031	1	540	0	0	0	0		1440
8253 Ink Jet Label for Color Printing	12240	15840	2	5	225	720	5760	2880	6031	2880	1	540	0	1	0	0		1440
8253 Ink Jet Label for Color Printing	15840	12240	5	2	720	225	2880	5760	2880	6031	1	540	0	0	0	0		1440
8325 Self-Seal Mailer	8.5	11	1	3	0	0	8.5	3.469	8.5	3.469	0	0	0	1	0	0		1
8371 Business Card	12240	15840	2	5	1080	720	5040	2880	5040	2880	0	0	0	1	0	0		1440
8371 Business Card	15840	12240	5	2	720	1080	2880	5040	2880	5040	0	0	0	0	0	0		1440
8389 Glossy Photo Quality Post Card	8.5	11	1	2	1.25	1.25	6	4	6	4.5	0	0	0	1	0	0		1
8660 Clear Address	12240	15840	3	10	271	720	3780	1440	3960	1440	1	360	0	1	0	0		1440
8662 Clear Address	12240	15840	2	7	225	1200	5760	1920	6031	1920	1	270	0	1	0	0		1440
8662 Clear Address	15840	12240	7	2	1200	225	1920	5760	1920	6031	1	270	0	0	0	0		1440
8663 Clear Address/Shipping	12240	15840	2	5	225	720	5760	2880	6031	2880	1	540	0	1	0	0		1440
8663 Clear Address/Shipping	15840	12240	5	2	720	225	2880	5760	2880	6031	1	540	0	0	0	0		1440
LSK-3 Index Maker 3 Tab	12240	15840	2	20	720	720	4500	720	6300	720	1	360	0	1	0	0		1440
LSK-5 Index Maker 5 Tab	12240	15840	4	20	432	720	2520	720	2952	720	0	0	0	1	0	0		1440
LSK-8 Index Maker 8 Tab	12240	15840	4	20	720	720	1620	720	3060	720	0	0	0	1	0	0		1440
Protect 'n Tab Sheet (Colors)	12240	15840	1	15	7848	1544	2952	446	3038	958	0	0	0	1	0	0		1440
Protect 'n Tab Sheet (White)	12240	15840	1	15	7848	958	2952	446	3038	958	0	0	0	1	0	0		1440
R-4013 Address	6120	17280	1	12	540	45	5040	1351	5040	1440	1	180	1	1	0	0		1440
Ready Index (All Styles)	12240	15840	1	1	0	0	12240	15840	12240	15840	0	0	0	1	0	0		1440
TitleFrame 1'' Spine Insert	15840	12240	1	6	540	2070	14760	900	14760	1440	1	720	0	0	0	0		1440
TitleFrame 1.5'' Spine Insert	15840	12240	1	4	540	2070	14760	1620	14760	2160	1	720	0	0	0	0		1440
TitleFrame 2'' Spine Insert	15840	12240	1	3	540	2070	14760	2340	14760	2880	1	720	0	0	0	0		1440
TitleFrame Cover  - Landscape	15840	12240	1	1	720	720	14400	10800	14400	10800	1	720	0	0	0	0		1440
TitleFrame Cover  - Portrait	12240	15840	1	1	720	720	10800	14400	10800	14400	1	720	0	1	0	0		1440
WorkSaver 1/3 Cut  Insert Tabs	12240	10080	1	10	1119	1440	9936	684	10224	719	0	0	0	1	0	0		1440
WorkSaver 1/5 Cut  Insert Tabs	12240	10080	2	10	374	1482	5717	684	5760	719	0	0	0	1	0	0		1440
WorkSaver 5-Tab Inserts	12240	15840	2	30	360	720	5760	480	5760	480	0	0	0	1	0	0		1440
WorkSaver 8-Tab Inserts	12240	15840	2	30	1080	720	4320	480	5760	480	0	0	0	1	0	0		1440
3-1/2'' Diskette Tab 4431SWM	6480	5760	1	2	1260	45	3960	2790	3960	2880	1	180	1	1	0	0		1440
35 MM Film Slide L7656	11906	16920	4	21	315	945	2610	630	2880	720	1	340	0	1	0	0		1440
5-1/4'' Diskette Tab 6415SWL	7200	2880	1	2	720	45	5760	1351	5760	1440	1	180	1	1	0	0		1440
Address - Clear L7562	11906	16920	2	8	265	779	5616	1920	5760	1920	1	340	0	1	0	0		1440
Address - Clear L7562	16920	11906	8	2	779	265	1920	5616	1920	5760	1	340	0	0	0	0		1440
Address - Clear L7563	11906	16920	2	7	265	900	5616	2160	5760	2160	1	340	0	1	0	0		1440
Address - Clear L7563	16920	11906	7	2	900	265	2160	5616	2160	5760	1	340	0	0	0	0		1440
Address - Clear L7565	11906	16920	2	4	265	780	5616	3840	5760	3840	1	340	0	1	0	0		1440
Address - Clear L7565	16920	11906	4	2	780	265	3840	5616	3840	5760	1	340	0	0	0	0		1440
Address / Shipping L7166	11906	16920	2	3	265	540	5616	5280	5760	5280	1	340	0	1	0	0		1440
Address / Shipping L7166	16920	11906	3	2	540	265	5280	5616	5280	5760	1	340	0	0	0	0		1440
Address 10236-3	19080	4320	3	2	720	60	5760	2041	5940	2160	1	180	1	1	0	0		1440
Address 10723-1	7920	2880	1	2	927	68	6066	1304	6066	1440	1	180	1	1	0	0		1440
Address 10723-3	20430	2880	3	2	946	68	6066	1304	6236	1440	1	180	1	1	0	0		1440
Address 4143	13680	2880	2	2	1008	45	5760	1351	5904	1440	1	180	1	1	0	0		1440
Address 4144	13680	2880	3	2	1296	45	3600	1351	3744	1440	1	180	1	1	0	0		1440
Address 4150 Landscape	5040	1577	1	1	0	0	5040	1577	5040	1577	1	180	1	0	0	0		1440
Address 4150 Portrait	1577	5040	1	1	0	0	1577	5040	1577	5040	1	180	1	1	0	0		1440
Address 4151 Clear Landscape	5040	1577	1	1	0	0	5040	1577	5040	1577	1	180	1	0	0	0		1440
Address 4151 Clear Portrait	1577	5040	1	1	0	0	1577	5040	1577	5040	1	180	1	1	0	0		1440
Address 4152 Fluorescent Portrait	1577	5040	1	1	0	0	1577	5040	1577	5040	1	180	1	1	0	0		1440
Address 4152 Fluorescent Landscape	5040	1577	1	1	0	0	5040	1577	5040	1577	1	180	1	0	0	0		1440
Address 42-121	6463	2880	1	2	683	60	5097	1321	5097	1440	1	180	1	1	0	0		1440
Address 42-122	6463	4320	1	2	683	60	5097	2041	5097	2160	1	180	1	1	0	0		1440
Address 42-123	6463	5760	1	2	683	60	5097	2761	5097	2880	1	180	1	1	0	0		1440
Address 42-131	7200	2880	1	2	720	60	5760	1321	5760	1440	1	180	1	1	0	0		1440
Address 42-132	7200	4320	1	2	720	60	5760	2041	5760	2160	1	180	1	1	0	0		1440
Address 42-133	7200	5760	1	2	720	60	5760	2761	5760	2880	1	180	1	1	0	0		1440
Address 42-141	7483	2880	1	2	717	60	6049	1321	6049	1440	1	180	1	1	0	0		1440
Address 42-142	7483	4320	1	2	717	60	6049	2041	6049	2160	1	180	1	1	0	0		1440
Address 42-143	7483	5760	1	2	717	60	6049	2761	6049	2880	1	180	1	1	0	0		1440
Address 42-155	7937	8640	1	2	680	62	6576	4195	6576	4320	1	180	1	1	0	0		1440
Address 42-321	17178	2880	3	2	656	60	5097	1321	5385	1440	1	180	1	1	0	0		1440
Address 42-322	17178	4320	3	2	656	60	5097	2041	5385	2160	1	180	1	1	0	0		1440
Address 42-331	19276	2880	3	2	710	60	5760	1321	6048	1440	1	180	1	1	0	0		1440
Address 42-332	19276	4320	3	2	710	60	5760	2041	6048	2160	1	180	1	1	0	0		1440
Address 42-341	20126	2880	3	2	701	60	6049	1321	6337	1440	1	180	1	1	0	0		1440
Address 42-342	20126	4320	3	2	701	60	6049	2041	6337	2160	1	180	1	1	0	0		1440
Address 42-411	20750	2880	4	2	725	60	4609	1321	4897	1440	1	180	1	1	0	0		1440
Address 42-412	20750	4320	4	2	725	60	4609	2041	4897	2160	1	180	1	1	0	0		1440
Address 42-621	11679	2880	2	2	671	60	5097	1321	5241	1440	1	180	1	1	0	0		1440
Address 42-622	11679	4320	2	2	671	60	5097	2041	5241	2160	1	180	1	1	0	0		1440
Address 42-631	13663	2880	2	2	999	60	5760	1321	5904	1440	1	180	1	1	0	0		1440
Address 42-632	13663	4320	2	2	999	60	5760	2041	5904	2160	1	180	1	1	0	0		1440
Address 42-633	13663	5760	2	2	999	60	5760	2761	5904	2880	1	180	1	1	0	0		1440
Address 42-721	16894	2880	3	2	599	60	5040	1321	5328	1440	1	180	1	1	0	0		1440
Address 42-812	20296	4320	4	2	498	60	4609	2041	4897	2160	1	180	1	1	0	0		1440
Address 4600	6480	2880	1	2	720	45	5040	1351	5040	1440	1	180	1	1	0	0		1440
Address 4602	11664	2880	2	2	720	45	5040	1351	5184	1440	1	180	1	1	0	0		1440
Address 4603	16560	2880	3	2	576	45	5040	1351	5184	1440	1	180	1	1	0	0		1440
Address 7023-2	9978	2880	2	2	879	68	3969	1304	4252	1440	1	180	1	1	0	0		1440
Address 8123-4	20430	2880	4	2	791	68	4592	1304	4752	1440	1	180	1	1	0	0		1440
Address 8923-1	6570	2880	1	2	765	68	5040	1304	5040	1440	1	180	1	1	0	0		1440
Address 8923-2	11906	2880	2	2	823	68	5040	1304	5220	1440	1	180	1	1	0	0		1440
Address 8923-3	17008	2880	3	2	764	68	5040	1304	5220	1440	1	180	1	1	0	0		1440
Address 8936-3	17008	4320	3	2	764	60	5040	2041	5220	2160	1	180	1	1	0	0		1440
Address Clear EAL 04	6480	4320	1	2	720	45	5040	2070	5040	2160	1	180	1	1	0	0		1440
Address Clear OML 107	6480	4320	1	2	720	45	5040	2070	5040	2160	1	180	1	1	0	0		1440
Address L7160	11906	16920	3	7	408	900	3600	2160	3745	2160	1	340	0	1	0	0		1440
Address L7160	16920	11906	7	3	900	408	2160	3600	2160	3745	1	340	0	0	0	0		1440
Address L7161	11906	16920	3	6	409	541	3600	2640	3744	2640	1	340	0	1	0	0		1440
Address L7161	16920	11906	6	3	541	409	2640	3600	2640	3744	1	340	0	0	0	0		1440
Address L7162	11906	16920	2	8	265	779	5616	1920	5760	1920	1	340	0	1	0	0		1440
Address L7162	16920	11906	8	2	779	265	1920	5616	1920	5760	1	340	0	0	0	0		1440
Address L7163	11906	16920	2	7	265	900	5616	2160	5760	2160	1	340	0	1	0	0		1440
Address L7163	16920	11906	7	2	900	265	2160	5616	2160	5760	1	340	0	0	0	0		1440
Address L7164	11906	16920	3	4	409	300	3600	4080	3744	4080	1	340	0	1	0	0		1440
Address L7164	16920	11906	4	3	300	409	4080	3600	4080	3744	1	340	0	0	0	0		1440
Address L7165	11906	16920	2	4	265	780	5616	3840	5760	3840	1	340	0	1	0	0		1440
Address L7165	16920	11906	4	2	780	265	3840	5616	3840	5760	1	340	0	0	0	0		1440
Address OML 102	7200	4320	1	2	720	45	5760	2070	5760	2160	1	180	1	1	0	0		1440
Address OML 103	7200	5760	1	2	720	45	5760	2790	5760	2880	1	180	1	1	0	0		1440
Address OML 104	8640	4320	1	2	720	45	7200	2070	7200	2160	1	180	1	1	0	0		1440
Address OML 106	6480	4320	1	2	720	45	5040	2070	5040	2160	1	180	1	1	0	0		1440
Address OML 202	12960	4320	2	2	720	45	5760	2070	5850	2160	1	180	1	1	0	0		1440
Address OML 203	12960	5760	2	2	720	45	5760	2790	5850	2880	1	180	1	1	0	0		1440
Address OML 302	16848	4320	3	2	720	45	5040	2070	5184	2160	1	180	1	1	0	0		1440
Address OML 303	16848	5760	3	2	720	45	5040	2790	5184	2880	1	180	1	1	0	0		1440
Address Tab 4815MW4	19152	2880	4	2	720	45	4320	1351	4464	1440	1	180	1	1	0	0		1440
Address Tab 5615MW2	11664	2880	2	2	720	45	5040	1351	5184	1440	1	180	1	1	0	0		1440
Address Tab 5615MW2S	11664	2880	2	2	720	45	5040	1351	5184	1440	1	180	1	1	0	0		1440
Address Tab 5615MW3	16560	2880	3	2	576	45	5040	1351	5184	1440	1	180	1	1	0	0		1440
Address Tab 5615MW3S	16560	2880	3	2	576	45	5040	1351	5184	1440	1	180	1	1	0	0		1440
Address Tab 5615SWL	6480	2880	1	2	720	45	5040	1351	5040	1440	1	180	1	1	0	0		1440
Address Tab 5615SWS	6120	2880	1	2	540	45	5040	1351	5040	1440	1	180	1	1	0	0		1440
Address Tab 5623MW2	11376	4320	2	2	576	45	5040	2071	5184	2160	1	180	1	1	0	0		1440
Address Tab 5623MW3	16560	4320	3	2	576	45	5040	2071	5184	2160	1	180	1	1	0	0		1440
Address Tab 5623SWL	6120	4320	1	2	540	45	5040	2071	5040	2160	1	180	1	1	0	0		1440
Address Tab 5623SWS	6120	4320	1	2	540	45	5040	2071	5040	2160	1	180	1	1	0	0		1440
Address Tab 6415MW2	12816	2880	2	2	576	45	5760	1351	5904	1440	1	180	1	1	0	0		1440
Address Tab 6415MW3	18720	2880	3	2	576	45	5760	1351	5904	1440	1	180	1	1	0	0		1440
Address Tab 6415SWL	7200	2880	1	2	720	45	5760	1351	5760	1440	1	180	1	1	0	0		1440
Address Tab 6415SWPA	7200	2880	1	2	720	45	5760	1351	5760	1440	1	180	1	1	0	0		1440
Address Tab 6423MW2	12816	4320	2	2	576	45	5760	2071	5904	2160	1	180	1	1	0	0		1440
Address Tab 6423MW2S	12816	4320	2	2	576	45	5760	2071	5904	2160	1	180	1	1	0	0		1440
Address Tab 6423MW3	18720	4320	3	2	576	45	5760	2071	5904	2160	1	180	1	1	0	0		1440
Address Tab 6423MW3S	18720	4320	3	2	576	45	5760	2071	5904	2160	1	180	1	1	0	0		1440
Address Tab 6423SWL	6840	4320	1	2	540	45	5760	2071	5760	2160	1	180	1	1	0	0		1440
Address Tab 6423SWS	6840	4320	1	2	540	45	5760	2071	5760	2160	1	180	1	1	0	0		1440
Address Tab 6431SWM	7200	5760	1	2	720	45	5760	2791	5760	2880	1	180	1	1	0	0		1440
Address Tab 8023SWM	8640	4320	1	2	720	45	7200	2071	7200	2160	1	180	1	1	0	0		1440
Address Tab1 107.23	7200	2880	1	2	567	57	6066	1327	6066	1440	1	180	1	1	0	0		1440
Address Tab1 107.36	7200	4320	1	2	567	57	6066	2047	6066	2160	1	180	1	1	0	0		1440
Address Tab1 107.49	7200	5760	1	2	567	57	6066	2767	6066	2880	1	180	1	1	0	0		1440
Address Tab1 125.74	8220	8640	1	2	567	62	7087	4195	7087	4320	1	180	1	1	0	0		1440
Address Tab1 89.23	6463	2880	1	2	709	57	5046	1327	5046	1440	1	180	1	1	0	0		1440
Address Tab1 89.36	6463	4320	1	2	709	57	5046	2047	5046	2160	1	180	1	1	0	0		1440
Address Tab2 107.23	13606	2880	2	2	595	57	6066	1327	6350	1440	1	180	1	1	0	0		1440
Address Tab2 107.36	13606	4320	2	2	595	57	6066	2047	6350	2160	1	180	1	1	0	0		1440
Address Tab2 89.23	11849	2880	2	2	737	57	5046	1327	5329	1440	1	180	1	1	0	0		1440
Address Tab2 89.36	11849	4320	2	2	737	57	5046	2047	5329	2160	1	180	1	1	0	0		1440
Address-Blue 4250	6480	2880	1	2	720	45	5040	1351	5040	1440	1	180	1	1	0	0		1440
Address-Clear 4162	6120	2880	1	2	540	45	5040	1351	5040	1440	1	180	1	1	0	0		1440
Address-Clear 4601	6120	2880	1	2	540	45	5040	1351	5040	1440	1	180	1	1	0	0		1440
Address-Green 4249	6480	2880	1	2	720	45	5040	1351	5040	1440	1	180	1	1	0	0		1440
Address-Red Glow 4254	6480	2880	1	2	720	45	5040	1351	5040	1440	1	180	1	1	0	0		1440
Address-Roll 4010	6120	2880	1	2	540	45	5040	1351	5040	1440	1	180	1	1	0	0		1440
Address-Roll 4011	6840	4320	1	2	540	45	5760	2071	5760	2160	1	180	1	1	0	0		1440
Address-Yellow 4253	6480	2880	1	2	720	45	5040	1351	5040	1440	1	180	1	1	0	0		1440
Audio Cassette L7655	11906	16920	2	6	835	1317	5046	2381	5190	2381	1	340	0	1	0	0		1440
Audio Cassette L7655	16920	11906	6	2	1317	835	2381	5046	2381	5190	1	340	0	0	0	0		1440
Diskette 3-1/2'' L7664	11906	16920	2	4	1017	300	3969	4080	5904	4080	1	340	0	1	0	0		1440
Diskette 3-1/2'' L7664	16920	11906	4	2	300	1017	4080	3969	4080	5904	1	340	0	0	0	0		1440
Diskette 3-1/2'' OML 099	5400	5760	1	2	720	45	3960	2790	3960	2880	1	180	1	1	0	0		1440
Diskette 5-1/4'' L7663	11906	16920	1	8	2569	804	6768	1914	11906	1914	1	340	0	1	0	0		1440
Diskette 5-1/4'' OML 101	7200	2880	1	2	709	45	5760	1350	5760	1440	1	180	1	1	0	0		1440
Diskette 5-1/4'' Tab1 102.36	7200	4320	1	2	709	57	5783	2047	5783	2160	1	180	1	1	0	0		1440
File Folder 4255	6480	1440	1	2	720	45	5040	631	5040	720	1	180	1	1	0	0		1440
File Folder L7701	11906	16920	1	4	510	1430	10885	3515	10885	3515	1	340	0	1	0	0		1440
File Folder L7701	16920	11906	4	1	1430	510	3515	10885	3515	10885	1	340	0	0	0	0		1440
File Folder L7702	11906	16920	1	7	508	721	10842	2202	10842	2202	1	340	0	1	0	0		1440
File Folder L7702	16920	11906	7	1	721	508	2202	10842	2202	10842	1	340	0	0	0	0		1440
File Folder-Assorted 4266	6480	1440	1	2	720	45	5040	631	5040	720	1	180	1	1	0	0		1440
Fluorescent Pink L7363	11906	16920	2	7	265	900	5616	2160	5760	2160	1	340	0	1	0	0		1440
Fluorescent Yellow L7263	11906	16920	2	7	265	900	5616	2160	5760	2160	1	340	0	1	0	0		1440
Full Sheet L7167	11906	16920	1	1	295	266	11316	16387	11906	16920	0	340	0	1	0	0		1440
Full Sheet L7167	16920	11906	1	1	266	295	16387	11316	16920	11906	0	340	0	0	0	0		1440
Half Sheet (A5) L7168	11906	16920	1	2	266	323	11316	8137	11906	8137	1	340	0	1	0	0		1440
Half Sheet (A5) L7168	16920	11906	2	1	323	266	8137	11316	8137	11906	1	340	0	0	0	0		1440
Index Card 4166	8640	8640	1	2	720	0	7200	4320	7200	4320	0	0	1	1	0	0		1440
Index Contents Sheets (All)	11906	16920	1	1	0	0	11906	16920	11906	16920	0	0	0	1	0	0		1440
Index Maker 10 Part L7410-10	11906	16920	4	10	1129	2700	1440	720	2736	1200	1	180	0	1	0	0		1440
Index Maker 12 Part L7410-12	11906	16920	4	12	1440	2820	1247	720	2592	960	1	180	0	1	0	0		1440
Index Maker 5 Part L7410-5	11906	16920	2	10	1440	2700	3119	720	5906	1200	1	180	0	1	0	0		1440
Index Maker 6 Part L7410-6	11906	16920	2	12	1728	2821	2547	720	5902	960	1	180	0	1	0	0		1440
Ink Jet Transparencies L7850	11906	16920	1	1	0	0	11906	16920	11906	16920	0	0	0	1	0	0		1440
Ink Jet Transparencies L7850	16920	11906	1	1	0	0	16920	11906	16920	11906	0	0	0	0	0	0		1440
Laser ColorFrames L7841	11906	16920	1	1	1020	1134	9865	14570	9865	14570	1	340	0	1	0	0		1440
Laser ColorFrames L7841	16920	11906	1	1	1134	1020	14570	9865	14570	9865	1	340	0	0	0	0		1440
Laser Transparencies L7840	11906	16920	1	1	0	0	11906	16920	11906	16920	0	0	0	1	0	0		1440
Laser Transparencies L7840	16920	11906	1	1	0	0	16920	11906	16920	11906	0	0	0	0	0	0		1440
Laser Transparencies L7842	11906	16920	1	1	0	0	11906	16920	11906	16920	0	0	0	1	0	0		1440
Laser Transparencies L7842	16920	11906	1	1	0	0	16920	11906	16920	11906	0	0	0	0	0	0		1440
Mini Address - Clear L7551	11906	16920	5	13	265	660	2160	1200	2304	1200	1	340	0	1	0	0		1440
Mini Address - Clear L7551	16920	11906	13	5	660	265	1200	2160	1200	2304	1	340	0	0	0	0		1440
Mini Address L7651	11906	16920	5	13	265	660	2160	1200	2304	1200	1	340	0	1	0	0		1440
Mini Address L7651	16920	11906	13	5	660	265	1200	2160	1200	2304	1	340	0	0	0	0		1440
Name Badge 4160	6120	7200	1	2	540	45	5040	3511	5040	3600	1	180	1	1	0	0		1440
Name Badge FAB 03	5400	4320	1	2	720	71	3912	2047	4003	2160	1	180	1	1	0	0		1440
Name Badge L7418	11906	16920	2	4	1077	2183	4876	3118	4876	3118	0	0	0	1	0	0		1440
Name Badge L7418	16920	11906	4	2	2183	1077	3118	4876	3118	4876	0	0	0	0	0	0		1440
Name Badge Tab1 85.108	6350	14400	1	2	765	539	4819	6123	4819	7200	1	180	1	1	0	0		1440
Piggyback 4163	6120	2880	1	2	540	45	5040	1351	5040	1440	1	180	1	1	0	0		1440
Post Card 4167	10080	10080	1	2	720	0	8640	5040	8640	5040	0	0	1	1	0	0		1440
Price Marking 2615-5	9978	1920	5	2	796	55	1474	850	1728	960	1	180	1	1	0	0		1440
Rotary Index Card 4168	7200	6241	1	2	720	0	5760	3120	5760	3120	0	0	1	1	0	0		1440
Round - White L7630	11906	16920	3	4	298	877	3600	3600	3855	3855	2	340	0	1	0	0		1440
Round - White L7630	16920	11906	4	3	877	298	3600	3600	3855	3855	2	340	0	0	0	0		1440
Round - Yellow L7650	11906	16920	3	4	298	877	3600	3600	3855	3855	2	340	0	1	0	0		1440
Round - Yellow L7650	16920	11906	4	3	877	298	3600	3600	3855	3855	2	340	0	0	0	0		1440
Shipping EXPE 120.74	7937	8640	1	2	567	62	6803	4195	6803	4320	1	180	1	1	0	0		1440
Shipping OML 105	8640	5760	1	2	720	45	7200	2790	7200	2880	1	180	1	1	0	0		1440
Shipping Tab 8047SWS	8280	8640	1	2	540	45	7200	4231	7200	4320	1	180	1	1	0	0		1440
Shipping Tab 9647SWS	9720	8640	1	2	540	45	8640	4231	8640	4320	1	180	1	1	0	0		1440
Shipping-Red Border 4161	6840	8640	1	2	540	45	5760	4231	5760	4320	1	180	1	1	0	0		1440
Video Face L7654-F	11906	16920	2	6	1561	541	4320	2640	4464	2640	1	340	0	1	0	0		1440
Video Face L7654-F	16920	11906	6	2	541	1561	2640	4320	2640	4464	1	340	0	0	0	0		1440
Video Spine L7654-S	11906	16920	1	16	1849	780	8208	960	11906	960	1	340	0	1	0	0		1440
Video Spine L7654-S	16920	11906	16	1	780	1849	960	8208	960	11906	1	340	0	0	0	0		1440
L7159 Address	8.268	11.75	3	8	0.254	0.543	2.52	1.333	2.62	1.333	0	0	0	1	0	0		1
L7160 Address	8.268	11.75	3	7	0.283	0.625	2.5	1.5	2.6	1.5	0	0	0	1	0	0		1
L7161 Address	8.268	11.75	3	6	0.284	0.376	2.5	1.833	2.6	1.833	0	0	0	1	0	0		1
L7162 Address	8.268	11.75	2	8	0.184	0.541	3.9	1.333	4	1.333	0	0	0	1	0	0		1
L7163 Address	8.268	11.75	2	7	0.184	0.625	3.9	1.5	4	1.5	0	0	0	1	0	0		1
L7164 Address	8.268	11.75	3	4	0.284	0.208	2.5	2.833	2.6	2.833	0	0	0	1	0	0		1
L7165 Parcel	8.268	11.75	2	4	0.184	0.542	3.9	2.667	4	2.667	0	0	0	1	0	0		1
L7166 Parcel	8.268	11.75	2	3	0.184	0.375	3.9	3.667	4	3.667	0	0	0	1	0	0		1
L7167 Shipping	8.268	11.75	1	1	0.205	0.185	7.858	11.38	7.858	11.38	0	0	0	1	0	0		1
L7168 Shipping	8.228	11.75	1	2	0.185	0.224	7.858	5.651	7.858	5.651	0	0	0	1	0	0		1
L7169 Parcel	11.75	8.268	2	2	0.402	0.182	5.472	3.902	5.472	4.002	0	0	0	0	0	0		1
L7173 Shipping	8.268	11.75	2	5	0.184	0.265	3.9	2.244	4	2.244	0	0	0	1	0	0		1
L7551 Clear Mini Address	8.268	11.752	5	13	0.184	0.458	1.5	0.833	1.6	0.833	0	0	0	1	0	0		1
L7552 Petite Clear	8.268	11.75	2	10	1	1.875	2.166	0.5	4.102	0.833	0	0	0	1	0	0		1
L7553 Petite Clear	8.266	11.749	4	12	1	1.958	0.866	0.5	1.8	0.667	0	0	0	1	0	0		1
L7560 Clear Address	8.268	11.75	3	7	0.283	0.625	2.5	1.5	2.6	1.5	0	0	0	1	0	0		1
L7562 Clear Address	8.268	11.75	2	8	0.184	0.541	3.9	1.333	4	1.333	0	0	0	1	0	0		1
L7563 Clear Address	8.268	11.75	2	7	0.184	0.625	3.9	1.5	4	1.5	0	0	0	1	0	0		1
L7565 Clear Parcel	8.268	11.75	2	4	0.184	0.542	3.9	2.667	4	2.667	0	0	0	1	0	0		1
L7263 Address - Fluorescent Yellow	8.268	11.75	2	7	0.184	0.625	3.9	1.5	4	1.5	0	0	0	1	0	0		1
L7630 Circular	8.268	11.75	3	4	0.207	0.609	2.5	2.5	2.677	2.677	0	0	0	1	0	0		1
L7651 Mini Address	8.268	11.752	5	13	0.184	0.458	1.5	0.833	1.6	0.833	0	0	0	1	0	0		1
L7655 Audio Cassette	8.268	11.75	2	6	0.58	0.914	3.504	1.654	3.604	1.654	0	0	0	1	0	0		1
L7656 35 mm Slide	8.25	11.75	4	21	0.227	0.656	1.811	0.437	1.995	0.5	0	0	0	1	0	0		1
L7664 3.5'' Diskette - Wraparound	8.268	11.75	2	4	0.706	0.208	2.756	2.833	4.1	2.833	0	0	0	1	0	0		1
L7666 3.5'' Diskette - Face Only	8.264	11.75	2	5	0.917	0.757	2.756	2.047	3.673	2.047	0	0	0	1	0	0		1
L7665 Mini Data Cartridge	8.268	11.735	2	12	0.866	0.878	2.835	0.833	3.701	0.831	0	0	0	1	0	0		1
L7667 Standard Data Cartridge	8.268	11.75	1	9	1.516	0.629	5.236	1.166	5.236	1.166	0	0	0	1	0	0		1
L7670 Circular - Fluorescent Yellow	8.268	11.75	3	4	0.207	0.609	2.5	2.5	2.677	2.677	0	0	0	1	0	0		1
L7671 Video Face	8.268	11.712	2	6	1.084	0.376	3	1.827	3.1	1.827	0	0	0	1	0	0		1
L7674 Video Spine	8.268	11.75	1	16	1.284	0.542	5.7	0.667	5.7	0.667	0	0	0	1	0	0		1
L7680 Mini Address - Gold	8.268	11.752	5	13	0.184	0.458	1.5	0.833	1.6	0.833	0	0	0	1	0	0		1
L7690 Mini Address - Silver	8.268	11.752	5	13	0.184	0.458	1.5	0.833	1.6	0.833	0	0	0	1	0	0		1
L7170 Filing - Eurofolio	8.268	11.75	1	24	1.496	0.678	5.276	0.433	5.276	0.433	0	0	0	1	0	0		1
L7172 Filing - Ring Binder	8.268	11.75	2	9	0.147	0.56	3.937	1.181	4.037	1.181	0	0	0	1	0	0		1
L7171 Filing - Lever Arch	11.75	8.268	4	1	1.151	0.197	2.362	7.874	2.362	7.874	0	0	0	0	0	0		1
L7701 Filing - Lever Arch	11.75	8.268	4	1	0.993	0.354	2.441	7.559	2.441	7.559	0	0	0	0	0	0		1
L7702 Filing - Lever Arch	11.75	8.268	7	1	0.501	0.354	1.535	7.559	1.535	7.559	0	0	0	0	0	0		1
L7413 Business Card	8.268	11.693	2	5	0.591	0.846	3.543	2	3.543	2	0	0	0	1	0	0		1
L7414 Business Card	8.268	11.693	2	5	0.591	0.728	3.543	2.047	3.543	2.047	0	0	0	1	0	0		1
L7415 Business Card	8.268	11.693	2	5	0.591	0.728	3.543	2.047	3.543	2.047	0	0	0	1	0	0		1
L7417 Business Card	8.268	11.693	2	5	0.591	0.531	3.543	2.126	3.543	2.126	0	0	0	1	0	0		1
L7419 Business Card	8.268	11.693	2	5	0.591	0.531	3.543	2.126	3.543	2.126	0	0	0	1	0	0		1
L7418 Name Badge	8.268	11.693	2	4	0.748	1.516	3.386	2.165	3.386	2.165	0	0	0	1	0	0		1
L7421 Post Card	11.72	8.268	2	2	0.373	0.304	5.487	3.83	5.487	3.83	0	0	0	0	0	0		1
L7901 Organizer Page	11.693	8.268	3	1	0	0	3.74	6.693	3.74	6.693	0	0	0	0	0	0		1
L7902 Organizer Page (A5)	11.693	8.268	2	1	0	0	5.846	8.268	5.846	8.268	0	0	0	0	0	0		1
J8159 Address	8.268	11.75	3	8	0.254	0.543	2.52	1.333	2.62	1.333	0	0	0	1	0	0		1
J8160 Address	8.268	11.75	3	7	0.283	0.625	2.5	1.5	2.6	1.5	0	0	0	1	0	0		1
J8161 Address	8.268	11.75	3	6	0.284	0.376	2.5	1.833	2.6	1.833	0	0	0	1	0	0		1
J8162 Address	8.268	11.75	2	8	0.184	0.541	3.9	1.333	4	1.333	0	0	0	1	0	0		1
J8163 Address	8.268	11.75	2	7	0.184	0.625	3.9	1.5	4	1.5	0	0	0	1	0	0		1
J8164 Address	8.268	11.75	3	4	0.284	0.208	2.5	2.833	2.6	2.833	0	0	0	1	0	0		1
J8165 Parcel	8.268	11.75	2	4	0.184	0.542	3.9	2.667	4	2.667	0	0	0	1	0	0		1
J8166 Parcel	8.268	11.75	2	3	0.184	0.375	3.9	3.667	4	3.667	0	0	0	1	0	0		1
J8167 Shipping	8.268	11.75	1	1	0.205	0.185	7.858	11.38	7.858	11.38	0	0	0	1	0	0		1
J8168 Shipping	8.228	11.75	1	2	0.185	0.224	7.858	5.651	7.858	5.651	0	0	0	1	0	0		1
J8169 Parcel	11.75	8.268	2	2	0.402	0.182	5.472	3.902	5.472	4.002	0	0	0	0	0	0		1
J8173 Shipping	8.268	11.75	2	5	0.184	0.265	3.9	2.244	4	2.244	0	0	0	1	0	0		1
J8360 Address	8.268	11.75	3	7	0.283	0.625	2.5	1.5	2.6	1.5	0	0	0	1	0	0		1
J8361 Address	8.268	11.75	3	6	0.284	0.376	2.5	1.833	2.6	1.833	0	0	0	1	0	0		1
J8362 Address	8.268	11.75	2	8	0.184	0.541	3.9	1.333	4	1.333	0	0	0	1	0	0		1
J8363 Address	8.268	11.75	2	7	0.184	0.625	3.9	1.5	4	1.5	0	0	0	1	0	0		1
J8365 Parcel	8.268	11.75	2	4	0.184	0.542	3.9	2.667	4	2.667	0	0	0	1	0	0		1
J8367 Shipping	8.268	11.75	1	1	0.205	0.185	7.858	11.38	7.858	11.38	0	0	0	1	0	0		1
J8368 Shipping	8.228	11.75	1	2	0.185	0.224	7.858	5.651	7.858	5.651	0	0	0	1	0	0		1
J8766 3.5'' Diskette - Face Only	8.264	11.75	2	5	0.917	0.757	2.756	2.047	3.673	2.047	0	0	0	1	0	0		1
J8560 Clear Address	8.268	11.75	3	7	0.283	0.625	2.5	1.5	2.6	1.5	0	0	0	1	0	0		1
J8562 Clear Address	8.268	11.75	2	8	0.184	0.541	3.9	1.333	4	1.333	0	0	0	1	0	0		1
J8563 Clear Address	8.268	11.75	2	7	0.184	0.625	3.9	1.5	4	1.5	0	0	0	1	0	0		1
J8565 Clear Parcel	8.268	11.75	2	4	0.184	0.542	3.9	2.667	4	2.667	0	0	0	1	0	0		1
J8171 Filing - Lever Arch	11.75	8.268	4	1	1.151	0.197	2.362	7.874	2.362	7.874	0	0	0	0	0	0		1
J8651 Mini Address	8.268	11.752	5	13	0.184	0.458	1.5	0.833	1.6	0.833	0	0	0	1	0	0		1
J8655 Audio Cassette	8.268	11.75	2	6	0.58	0.914	3.504	1.654	3.604	1.654	0	0	0	1	0	0		1
J8657 35 mm Slide	8.268	11.75	3	14	1.233	2.406	1.811	0.437	1.995	0.5	0	0	0	1	0	0		1
J8666 3.5'' Diskette - Face Only	8.264	11.75	2	5	0.917	0.757	2.756	2.047	3.673	2.047	0	0	0	1	0	0		1
J8671 Video Face	8.268	11.712	2	6	1.084	0.376	3	1.827	3.1	1.827	0	0	0	1	0	0		1
J8674 Video Spine	8.268	11.75	1	16	1.284	0.542	5.7	0.667	5.7	0.667	0	0	0	1	0	0		1
L7410-5M Index Contents Sheet 5 Part	8.268	11.693	1	5	4.331	0.197	3.268	2.165	3.268	2.283	0	0	0	1	0	0		1
L7410-6M Index Contents Sheet 6 Part	8.268	11.614	1	6	4.331	0.197	3.268	1.772	3.268	1.89	0	0	0	1	0	0		1
L7410-10M Index Contents Sheet 10 Part	8.268	11.752	1	10	4.331	0.197	3.268	1.024	3.268	1.148	0	0	0	1	0	0		1
L7410-12M Index Contents Sheet 12 Part	8.268	11.686	1	12	4.331	0.197	3.268	0.827	3.268	0.951	0	0	0	1	0	0		1
L7410-5M 1-5 Part Index	8.268	11.75	2	10	1	1.875	2.166	0.5	4.102	0.833	0	0	0	1	0	0		1
L7410-6M 1-6 Part Index	8.268	11.751	2	12	1.2	1.959	1.769	0.5	4.099	0.667	0	0	0	1	0	0		1
L7410-10M 1-10 Part Index	8.268	11.75	4	10	0.784	1.875	1	0.5	1.9	0.833	0	0	0	1	0	0		1
L7410-12M 1-12 Part Index	8.266	11.749	4	12	1	1.958	0.866	0.5	1.8	0.667	0	0	0	1	0	0		1
L7416-5M 1-5 Part Index	8.268	11.75	2	10	1	1.875	2.166	0.5	4.102	0.833	0	0	0	1	0	0		1
L7416-10M 1-10 Part Index	8.268	11.75	4	10	0.784	1.875	1	0.5	1.9	0.833	0	0	0	1	0	0		1
L7411-5R 1-5 Part Index	8.268	11.764	1	5	5.25	0.217	2.756	2.25	2.756	2.27	0	0	0	1	0	0		1
L7411-6R 1-6 Part Index	8.268	11.614	1	6	5.25	0.197	2.756	1.772	2.756	1.89	0	0	0	1	0	0		1
L7411-10R 1-10 Part Index	8.268	11.688	1	10	5.25	0.177	2.756	1.102	2.756	1.137	0	0	0	1	0	0		1
L7411-12R 1-12 Part Index	8.268	11.696	1	12	5.25	0.118	2.756	0.95	2.756	0.955	0	0	0	1	0	0		1
L7417-5R 1-5 Part Index	8.268	11.764	1	5	5.25	0.217	2.756	2.25	2.756	2.27	0	0	0	1	0	0		1
L7417-6R 1-6 Part Index	8.268	11.614	1	6	5.25	0.197	2.756	1.772	2.756	1.89	0	0	0	1	0	0		1
L2160 Address	4.25	10	1	8	0.81	0.5	2.63	1	2.63	1	0	0	0	1	0	0		1
L2162 Address	4.25	9.98	1	6	0.125	0.5	4	1.33	4	1.33	0	0	0	1	0	0		1
L2163 Parcel	4.25	10	1	4	0.125	0.5	4	2	4	2	0	0	0	1	0	0		1
L2186 3.5'' Diskette - Face Only	4.25	10	1	4	0.75	0.5	2.75	2	2.75	2	0	0	0	1	0	0		1
L30063 Address	8.268	5.85	1	2	2.183	0.925	3.902	1.5	3.902	2.5	0	0	0	0	0	0		1
L30065 Parcel	8.268	5.846	2	1	0.232	1.591	3.902	2.665	3.902	2.665	0	0	0	0	0	0		1
L300VF Video Face	8.268	5.846	1	2	2.634	0.596	3	1.827	3	2.827	0	0	0	0	0	0		1
L300VS Video Spine	8.268	5.846	1	4	1.28	0.835	5.709	0.669	5.709	1.169	0	0	0	0	0	0		1
L300SL 35mm Slide 	8.268	5.846	4	4	0.512	0.706	1.811	0.437	1.811	1.332	0	0	0	0	0	0		1
L300DK 3.5'' Diskette - Face Only	8.268	5.846	2	1	1.378	1.9	2.756	2.047	2.756	2.047	0	0	0	0	0	0		1
J40063 Address	8.268	5.85	1	2	2.183	0.925	3.902	1.5	3.902	2.5	0	0	0	0	0	0		1
J40065 Parcel	8.268	5.846	2	1	0.232	1.591	3.902	2.665	3.902	2.665	0	0	0	0	0	0		1
J400VF Video Face	8.268	5.846	1	2	2.634	0.596	3	1.827	3	2.827	0	0	0	0	0	0		1
J400VS Video Spine	8.268	5.846	1	4	1.28	0.835	5.709	0.669	5.709	1.169	0	0	0	0	0	0		1
J400SL 35mm Slide 	8.268	5.846	4	4	0.512	0.706	1.811	0.437	1.811	1.332	0	0	0	0	0	0		1
J400DK 3.5'' Diskette - Face Only	8.268	5.846	2	1	1.378	1.9	2.756	2.047	2.756	2.047	0	0	0	0	0	0		1
