"Arrow 1"
{
	426.052 148.6316 m
	344.552 148.6316 l
	344.817 200.0605 305.5773 226.1977 v
	266.3376 252.335 221.552 245.6316 y
	221.552 182.1316 l
	120.552 288.1316 l
	221.552 391.6316 l
	221.552 327.6316 l
	291.7846 334.2226 342.6608 299.5808 v
	433.741 237.5641 426.052 148.6316 Y
	h
}

"Arrow 2"
{
	260.4804 459.2637 m
	260.4804 454.8332 260.3019 452.0175 266.7568 452.0175 C
	299.534 452.0175 338.1531 433.3636 365.241 409.6657 C
	409.8743 369.6115 420.0018 348.7694 420.0018 280.8928 C
	409.2613 341.4134 386.8986 363.2432 354.7673 385.4127 C
	329.7762 402.6556 299.989 411.7921 268.8755 411.7921 C
	261.5254 411.7921 261.9449 409.0456 261.9449 404.8616 c
	261.9449 400.6776 262.1409 397.687 254.7704 397.687 c
	247.3999 397.687 233.9284 397.687 225.9593 397.687 c
	167.4423 397.6867 122.1496 372.3905 117.6961 372.3905 c
	115.6336 372.3905 114.2848 374.905 114.2848 375.8017 C
	114.285 413.1346 183.6767 465.3792 250.4794 465.3792 C
	256.7969 465.3792 260.4804 465.8527 260.4804 459.2637 C
	h
}

"Arrow 3"
{
	437.5011 58.7658 m
	377.5011 28.2658 l
	400.0692 52.5158 l
	221.2511 52.5158 l
	198.0011 29.2658 l
	132.5011 29.2658 l
	155.2511 52.0158 l
	146.5011 52.0158 L
	146.5011 65.5158 L
	155.2511 65.5158 l
	132.5011 88.2658 l
	198.0011 88.2658 l
	221.2511 65.0158 l
	400.0692 65.0158 l
	377.5011 89.2658 l
	437.5011 58.7658 L
	h
}

"Arrow 4"
{
	128 212 m
	274 317 l
	249 244 l
	434 277 l
	376 212 L
	434 146 l
	249 179 l
	274 106 l
	128 212 L
	h
}

"Arrow 5"
{
	298.1718 140.2438 m
	298.1718 117.5718 l
	216.6718 168.2438 l
	298.6718 220.2438 l
	298.6718 197.7438 l
	389.6718 197.2438 389.6718 254.2438 v
	389.6718 311.2438 299.1718 316.2438 y
	299.1718 368.7435 l
	403.6718 374.9344 403.6718 254.2438 v
	403.6718 133.5532 298.1718 140.2438 y
	h
}

"Arrow 6"
{
	229.7097 116.0128 m
	155.2058 189.0115 l
	201.1949 189.0236 l
	200.1349 219.7498 l
	198.6376 356.5128 330.7097 356.5128 V
	466.9755 356.5128 460.287 215.9827 y
	460.7097 145.0128 l
	401.7097 145.0128 l
	401.7009 217.2408 l
	407.3909 297.0128 330.7097 297.0128 v
	254.0285 297.0128 260.1968 220.9335 y
	260.7097 189.0128 l
	305.6774 189.0115 l
	229.7097 116.0128 l
	h
}

"Arrow 7"
{
	282.8641 124.0135 m
	289.1091 185.2507 267.4814 228.8785 v
	251.474 261.1686 221.1856 280.773 y
	193.8641 241.5135 l
	160.8641 349.5135 l
	276.3641 371.5135 l
	249.3641 329.5135 l
	291.5709 306.4952 313.8641 267.5135 Y
	336.1572 306.4952 378.3641 329.5135 v
	351.3641 371.5135 l
	466.8641 349.5135 l
	433.8641 241.5135 l
	406.5425 280.773 l
	377.1745 260.6958 360.2467 228.8785 v
	338.3454 187.7125 344.8641 124.0135 Y
	282.8641 124.0135 L
	h
}

"Arrow 8"
{
	126 133 m
	126 227 L
	308 227 l
	308 261 l
	431 180 L
	308 98 l
	308 133 l
	126 133 L
	h
}

"Badge 1"
{
	213.8442 289.6327 m
	211.0801 284.8452 204.9582 283.2048 200.1707 285.9688 c
	195.3832 288.7329 193.7428 294.8547 196.5068 299.6423 c
	199.2708 304.4297 205.3697 306.0587 210.1571 303.2947 C
	242.893 360.2174 L
	209.8883 417.0521 L
	208.47 416.2816 206.853 415.8046 205.1255 415.8046 c
	199.5973 415.8047 195.1158 420.2861 195.1157 425.8142 c
	195.1158 431.3423 199.5972 435.8239 205.1253 435.8239 c
	210.6534 435.824 215.1253 431.3225 215.1253 425.7945 C
	228.2427 425.7982 252.5936 425.7888 280.4437 425.8186 C
	314.1236 484.4199 L
	312.7472 485.2629 311.5601 486.4255 310.6963 487.9215 c
	307.9323 492.7091 309.5725 498.8309 314.36 501.595 c
	319.1475 504.359 325.2693 502.7187 328.0334 497.9313 c
	330.7975 493.1439 329.1528 486.9415 324.3654 484.1775 C
	331.024 472.4866 343.3942 450.6867 357.4625 426.0277 C
	385.6902 426.0166 410.418 425.8957 423.6343 425.7524 C
	423.6762 427.3659 424.0869 428.9665 424.9507 430.4626 c
	427.7148 435.2501 433.8366 436.8905 438.6241 434.1265 c
	443.4115 431.3624 445.0519 425.2406 442.2879 420.4531 c
	439.5239 415.6657 433.4469 414.0558 428.6595 416.8198 C
	421.9954 405.4423 409.5584 384.0774 395.338 359.6639 C
	409.0741 335.6228 421.1018 314.6007 427.7046 303.1501 C
	429.123 303.9205 430.7269 304.3697 432.4544 304.3697 c
	437.9826 304.3697 442.4642 299.8882 442.4643 294.3601 c
	442.4643 288.8319 437.9828 284.3503 432.4546 284.3502 c
	426.9266 284.3502 422.4772 288.7745 422.4771 294.3026 C
	409.2783 294.4432 385.0784 294.4524 357.4559 294.4695 C
	343.3832 270.289 331.0955 249.005 324.4848 237.6693 C
	325.8613 236.8262 327.1136 235.5361 327.9774 234.04 c
	330.7415 229.2524 329.1012 223.1305 324.3138 220.3664 c
	319.5262 217.6024 313.4043 219.2426 310.6402 224.0301 c
	307.8762 228.8175 309.5066 234.9055 314.294 237.6696 C
	281.1913 294.4461 L
	253.042 294.4118 228.367 294.3782 215.1638 294.3427 C
	215.1219 292.7292 214.7079 291.1288 213.8442 289.6327 c
	h

	318.7669 299.6953 m
	351.7271 299.6953 378.4474 328.5832 378.4474 359.3758 c
	378.4474 390.9091 351.7271 419.0562 318.7669 419.0562 c
	285.8068 419.0562 259.0864 392.3359 259.0864 359.3758 c
	259.0864 326.4156 285.8068 299.6953 318.7669 299.6953 c
	h
}

"Badge 2"
{
	211.7963 443.6597 m
	211.7963 467.6627 221.4897 490.2808 y
	258.8757 474.1432 288.4028 502.3552 V
	317.9298 474.1432 355.3157 490.2808 y
	365.0092 467.6627 365.0092 443.6597 v
	365.0088 353.1864 288.4028 332.4336 Y
	211.7967 353.1864 211.7963 443.6597 v
	h
}

"Badge 3"
{
	260.8682 127.5619 m
	225.2413 129.5672 183.4016 140.3276 183.4016 190.1335 c
	183.4016 239.9393 208.4016 243.7239 208.4016 272.6335 c
	208.4016 301.5431 182.9016 327.6335 y
	232.9016 372.6335 l
	239.5907 356.6335 267.9016 356.6335 v
	296.2125 356.6335 303.9016 370.6335 Y
	311.5907 356.6335 339.9016 356.6335 v
	368.2125 356.6335 374.9016 372.6335 y
	424.9016 327.6335 l
	399.4016 301.5431 399.4016 272.6335 v
	399.4016 243.7239 424.4016 239.9393 424.4016 190.1335 c
	424.4016 140.3276 383.7929 129.5672 348.166 127.5619 c
	312.5391 125.5567 304.5171 111.4017 Y
	296.4951 125.5567 260.8682 127.5619 v
	h
}

"Banner 1"
{
	244.7318 382.9498 m
	244.7318 359.8703 l
	229.0377 361.7167 224.4218 371.8717 y
	233.6536 382.0266 244.7318 382.9498 y
	h

	240.1263 356.1815 m
	176.4164 331.2517 l
	192.1104 364.4862 l
	161.6455 370.0253 l
	217.1054 403.2598 l
	217.0363 374.6412 l
	222.5858 359.8742 240.1263 356.1815 v
	h

	536.1758 374.7373 m
	532.4258 385.2373 500.1758 391.2373 v
	467.9258 397.2373 419.213 398.0567 378.593 398.0567 C
	337.973 398.0567 289.2602 397.2373 257.0102 391.2373 c
	224.7602 385.2373 221.0102 374.7373 Y
	221.0102 432.5618 L
	224.7602 443.0618 257.0102 449.0618 v
	289.2602 455.0618 337.973 455.8811 378.593 455.8811 C
	419.213 455.8811 467.9258 455.0618 500.1758 449.0618 c
	532.4258 443.0618 536.1758 432.5618 Y
	536.1758 374.7373 L
	h

	532.785 371.8717 m
	528.1691 361.7167 512.475 359.8703 v
	512.475 382.9498 l
	523.5532 382.0266 532.785 371.8717 v
	h

	540.1705 374.6412 m
	540.1014 403.2598 l
	595.5613 370.0253 l
	565.0964 364.4862 l
	580.7904 331.2517 l
	517.0805 356.1815 l
	534.621 359.8742 540.1705 374.6412 y
	h
}

"Banner 2"
{
	185.2552 192.0204 m
	217.6341 212.0204 303.5099 212.0204 V
	389.3856 212.0204 421.7645 192.0204 Y
	406.6435 131.3528 L
	378.4048 149.5089 303.5099 149.5089 V
	228.6149 149.5089 200.3762 131.3528 Y
	185.2552 192.0204 L
	h

	152.7552 200.0204 m
	164.9107 211.5285 208.1147 215.838 y
	182.1434 193.0649 l
	191.2552 155.0204 l
	173.9647 148.1009 l
	152.7552 200.0204 l
	h

	185.3429 193.5785 m
	210.7552 216.0204 l
	214.9591 203.7941 l
	191.3955 198.0416 185.3429 193.5785 v
	h

	433.056 148.1009 m
	415.7656 155.0204 l
	424.8773 193.0649 l
	398.9061 215.838 l
	442.11 211.5285 454.2656 200.0204 v
	h

	433.056 148.1009 l
	392.0616 203.7941 m
	396.2656 216.0204 l
	421.6778 193.5785 l
	415.6252 198.0416 392.0616 203.7941 y
	h
}

"Bowling Pin"
{
	305.4999 555.5496 m
	331.8834 555.5496 330.9659 517.2134 331.0812 510.8821 c
	331.4845 488.7319 322.3854 477.147 321.3301 461.3169 c
	319.4296 432.8079 341.3815 428.6013 351.021 389.5717 c
	363.9307 337.3021 340.9629 265.8793 335.0494 248.1383 c
	332.9388 241.8062 320.2747 235.4504 305.4999 235.4623 C
	290.7252 235.4504 278.0611 241.8062 275.9504 248.1383 c
	270.037 265.8793 247.0692 337.3021 259.9789 389.5717 c
	269.6184 428.6013 291.5703 432.8079 289.6698 461.3169 c
	288.6145 477.147 279.5154 488.7319 279.9187 510.8821 c
	280.034 517.2134 279.1165 555.5496 305.4999 555.5496 C
	h
}

"Burst 1"
{
	297.8143 286.6232 m
	286.2918 264.8356 l
	282.8985 289.2887 L
	267.7407 269.8104 l
	268.6451 294.4814 L
	250.3352 277.931 l
	255.5099 302.0703 L
	234.6041 288.9507 l
	243.8919 311.8248 L
	221.0254 302.5347 l
	234.1442 323.4486 L
	210.0118 318.2703 l
	226.563 336.5886 L
	201.8979 335.6794 l
	221.3786 350.8455 L
	196.9302 354.2332 l
	218.7487 365.7862 L
	195.2597 373.3678 l
	218.7554 380.9572 L
	196.9435 392.503 l
	221.3966 395.8963 L
	201.9183 411.0541 l
	226.5893 410.1497 L
	210.0389 428.4596 l
	234.1782 423.2849 L
	221.0586 444.1907 l
	243.9327 434.9029 L
	234.6426 457.7694 l
	255.5566 444.6506 L
	250.3782 468.783 l
	268.6965 452.2318 L
	267.7873 476.8969 l
	282.9534 457.4161 L
	286.3411 481.8646 l
	297.8941 460.0461 L
	305.4757 483.5351 l
	313.0652 460.0394 L
	324.6109 481.8513 l
	328.0042 457.3982 L
	343.162 476.8765 l
	342.2576 452.2055 L
	360.5675 468.7559 l
	355.3928 444.6166 L
	376.2986 457.7362 l
	367.0108 434.8621 L
	389.8773 444.1522 l
	376.7585 423.2382 L
	400.8909 428.4166 l
	384.3397 410.0982 L
	409.0048 411.0074 l
	389.5241 395.8414 L
	413.9725 392.4537 l
	392.154 380.9007 L
	415.643 373.3191 l
	392.1473 365.7296 L
	413.9592 354.1839 l
	389.5061 350.7906 L
	408.9844 335.6328 l
	384.3134 336.5372 L
	400.8638 318.2273 l
	376.7245 323.4019 L
	389.8441 302.4962 l
	366.97 311.784 L
	376.2601 288.9175 l
	355.3461 302.0363 L
	360.5245 277.9039 l
	342.2062 294.4551 L
	343.1154 269.7899 l
	327.9493 289.2707 L
	324.5616 264.8223 l
	313.0086 286.6408 L
	305.427 263.1518 l
	297.8608 286.6718 l
	h
}

"Burst 2"
{
	299 312 m
	271 239 l
	283 316 L
	236 253 l
	268 325 L
	207 276 l
	256 337 L
	184 305 l
	247 352 L
	170 340 l
	243 368 L
	165 376 l
	243 385 L
	170 413 l
	247 401 L
	184 448 l
	256 416 L
	207 477 l
	268 428 L
	237 500 l
	283 437 L
	271 514 l
	299 441 L
	308 519 l
	316 441 L
	344 514 l
	333 437 L
	379 500 l
	347 428 L
	408 477 l
	359 416 L
	431 447 l
	368 401 L
	445 413 l
	372 385 L
	450 376 l
	372 368 L
	445 340 l
	368 351 L
	431 305 l
	359 337 L
	408 276 l
	347 325 L
	379 253 l
	333 316 L
	344 239 l
	316 312 L
	308 234 l
	299 312 l
	h
}

"Burst 3"
{
	238 395 m
	199 490 l
	275 424 l
	272 461 l
	297 437 l
	314 497 l
	322 436 l
	353 472 l
	344 421 l
	424 480 l
	373 396 l
	403 387 l
	375 372 l
	426 328 l
	360 344 l
	365 299 l
	339 328 l
	317 269 l
	308 325 l
	291 297 l
	284 324 l
	236 268 l
	248 329 l
	221 323 l
	235 341 l
	156 356 l
	226 378 l
	216 395 l
	238 395 l
	h
}

"Burst 4"
{
	192.2554 521.6692 m
	227.3366 471.2015 250.7241 471.2015 v
	274.1116 471.2015 263.0333 525.9775 y
	276.0041 474.5502 287.6517 472.4325 v
	301.1918 469.9706 314.7319 499.5127 y
	307.1604 465.2775 317.8092 461.3542 v
	329.5029 457.046 378.7397 506.8982 y
	340.5165 456.6242 346.1203 439.8131 v
	350.4286 426.8884 395.9726 423.8111 y
	349.1976 412.7329 346.1204 402.8855 v
	343.6712 395.048 373.816 358.5724 y
	334.4266 391.1918 325.1947 383.8063 v
	314.4483 375.2092 323.9638 346.8787 y
	308.5773 375.8053 295.6526 373.3434 v
	282.728 370.8816 279.0352 311.182 y
	268.113 368.9963 253.1859 372.728 v
	233.4912 377.6517 194.1018 335.8004 y
	228.5675 380.1135 222.4129 393.6536 v
	216.451 406.7697 156.5587 402.8855 y
	214.412 410.8865 213.181 424.4266 v
	211.3944 444.0786 184.2544 453.9687 y
	211.1737 453.4626 217.4893 462.5851 v
	223.0284 470.5861 192.2554 521.6692 y
	h
}

"Cog"
{
	206.3976 323.6144 m
	206.3976 325.5448 203.3271 327.9929 201.1846 327.791 C
	189.9024 330.8921 L
	187.3465 331.1548 188.2978 340.4105 190.8538 340.1477 C
	203.2605 340.2312 L
	205.8129 339.9351 208.1221 341.764 208.4181 344.3162 C
	208.4181 344.3162 L
	208.7142 346.8684 206.8854 349.1775 204.333 349.4737 C
	193.9422 354.8527 L
	191.4967 355.6411 194.3515 364.4967 196.797 363.7083 C
	208.95 361.2104 L
	211.3851 360.39 214.024 361.6989 214.8443 364.1338 C
	214.8443 364.1338 L
	215.6646 366.5687 214.3558 369.2076 211.9207 370.0279 C
	202.8753 377.4499 L
	200.6472 378.7296 205.281 386.7979 207.5091 385.5184 C
	218.8772 380.5483 L
	221.0884 379.2395 223.9419 379.971 225.2505 382.1822 C
	225.2505 382.1822 L
	226.5591 384.3934 225.8275 387.2468 223.6163 388.5554 C
	216.3117 397.6959 L
	214.3983 399.4108 220.6083 406.3395 222.5218 404.6248 C
	232.608 397.3995 L
	234.4989 395.6596 237.4421 395.7819 239.1818 397.6727 C
	239.1818 397.6727 L
	240.9216 399.5635 240.7993 402.5066 238.9084 404.2465 C
	233.6639 414.7059 L
	232.149 416.7812 239.6639 422.2675 241.1789 420.1921 C
	249.5426 411.0277 L
	251.0304 408.9328 253.9347 408.4404 256.0295 409.9281 C
	256.0295 409.9281 L
	258.1244 411.4159 258.6166 414.3201 257.1289 416.4151 C
	254.1735 427.7364 L
	253.1233 430.0813 261.6147 433.8852 262.6651 431.5403 C
	268.9406 420.8372 L
	269.9603 418.4787 272.6988 417.3933 275.0571 418.4128 C
	275.0571 418.4128 L
	277.4156 419.4326 278.5009 422.171 277.4812 424.5294 C
	276.9445 436.218 L
	276.4046 438.73 285.5013 440.6853 286.0413 438.1732 C
	289.9542 426.3991 L
	290.4613 423.8802 292.9143 422.2491 295.4331 422.7561 C
	295.4331 422.7561 L
	297.9521 423.2631 299.583 425.716 299.076 428.2351 C
	300.9674 439.7696 L
	300.9613 442.3389 310.2649 442.3611 310.2711 439.7919 C
	311.652 427.4626 L
	311.6245 424.8935 313.6849 422.7885 316.254 422.7611 C
	316.254 422.7611 L
	318.823 422.7336 320.9279 424.7939 320.9555 427.3631 C
	325.2177 438.259 L
	325.7457 440.7734 334.8509 438.8608 334.3227 436.3464 C
	333.1101 423.9994 L
	332.549 421.4922 334.1267 419.0048 336.6339 418.4437 C
	336.6339 418.4437 L
	339.141 417.8827 341.6283 419.4604 342.1894 421.9678 C
	348.6239 431.7394 L
	349.6633 434.089 358.1718 430.325 357.1323 427.9754 C
	353.379 416.1504 L
	352.3089 413.8146 353.335 411.0534 355.6707 409.9834 C
	355.6707 409.9834 L
	358.0065 408.9134 360.7675 409.9396 361.8377 412.2754 C
	370.1632 420.4956 L
	371.6684 422.5778 379.2084 417.1271 377.7031 415.0449 C
	371.5733 404.2587 L
	370.0409 402.1963 370.4705 399.2823 372.5327 397.75 C
	372.5327 397.75 L
	374.5949 396.2177 377.509 396.6472 379.0413 398.7096 C
	388.8941 405.0193 L
	390.7994 406.743 397.0413 399.8436 395.136 398.1199 C
	386.8975 388.8439 L
	384.9697 387.1452 384.784 384.2055 386.4826 382.2779 C
	386.4826 382.2779 L
	388.1812 380.3503 391.1209 380.1647 393.0486 381.8633 C
	403.998 385.9866 L
	406.22 387.2764 410.8911 379.23 408.669 377.9402 C
	398.6817 370.5797 L
	396.4431 369.3191 395.6502 366.4821 396.9108 364.2435 C
	396.9108 364.2435 L
	398.1715 362.0049 401.0084 361.212 403.2471 362.4727 C
	414.8146 364.2294 L
	417.2562 365.0292 420.1522 356.1874 417.7106 355.3877 C
	406.4112 350.2645 L
	403.9593 349.4968 402.5939 346.8868 403.3615 344.435 C
	403.3615 344.435 L
	404.1293 341.9832 406.7393 340.6178 409.1913 341.3855 C
	420.8712 340.6986 L
	423.4257 340.9733 424.4202 331.7226 421.8656 331.4481 C
	409.7479 328.7862 L
	407.1899 328.5451 405.3117 326.276 405.5529 323.7181 C
	405.5529 323.7181 L
	405.794 321.1602 408.063 319.282 410.6211 319.5231 C
	421.9029 316.4229 L
	424.4588 316.1604 423.5081 306.9051 420.9523 307.1676 C
	408.546 307.0834 L
	405.9937 307.3794 403.6848 305.5503 403.3888 302.9982 C
	403.3888 302.9982 L
	403.0929 300.4461 404.9219 298.1372 407.4741 297.8412 C
	417.8649 292.463 L
	420.3103 291.6748 417.4561 282.8194 415.0107 283.6076 C
	402.858 286.1047 L
	400.423 286.9248 397.7843 285.6159 396.9641 283.1811 C
	396.9641 283.1811 L
	396.144 280.7462 397.4529 278.1075 399.8879 277.2873 C
	408.9335 269.8662 L
	411.1616 268.5867 406.5285 260.5184 404.3004 261.7978 C
	392.9324 266.7671 L
	390.7212 268.0755 387.8679 267.3438 386.5595 265.1328 C
	386.5595 265.1328 L
	385.2511 262.9216 385.9828 260.0683 388.194 258.7598 C
	395.4989 249.6202 L
	397.4123 247.9055 391.203 240.9766 389.2896 242.6914 C
	379.2031 249.9156 L
	377.3122 251.6553 374.3693 251.5328 372.6297 249.642 C
	372.6297 249.642 L
	370.8901 247.7512 371.0126 244.8082 372.9034 243.0685 C
	378.1484 232.6098 L
	379.6636 230.5348 372.1491 225.0484 370.6341 227.1234 C
	362.2701 236.287 L
	360.7824 238.3818 357.8781 238.8738 355.7835 237.3861 C
	355.7835 237.3861 L
	353.6888 235.8983 353.1967 232.994 354.6845 230.8993 C
	357.6403 219.5786 L
	358.6909 217.2338 350.2 213.4296 349.1495 215.7744 C
	342.8736 226.4766 L
	341.8538 228.835 339.1153 229.9202 336.7571 228.9005 C
	336.7571 228.9005 L
	334.3989 227.8807 333.3137 225.1423 334.3335 222.7839 C
	334.8709 211.096 L
	335.4111 208.584 326.3148 206.6284 325.7747 209.1403 C
	321.8611 220.9137 L
	321.3539 223.4326 318.901 225.0633 316.3822 224.5562 C
	316.3822 224.5562 L
	313.8634 224.0491 312.2327 221.5961 312.7398 219.0772 C
	310.8354 207.5329 L
	310.8414 204.9636 301.5373 204.9419 301.5313 207.5113 C
	300.1511 219.8411 L
	300.1788 222.4103 298.1184 224.5155 295.5493 224.5431 C
	295.5493 224.5431 L
	292.9801 224.5708 290.8749 222.5105 290.8473 219.9412 C
	286.5843 209.0451 L
	286.0559 206.5306 276.9506 208.444 277.479 210.9583 C
	278.6924 223.3057 L
	279.2536 225.8131 277.6761 228.3006 275.1688 228.8619 C
	275.1688 228.8619 L
	272.6615 229.4231 270.174 227.8455 269.6127 225.3381 C
	263.1774 215.5664 L
	262.1379 213.2167 253.6293 216.9814 254.6688 219.331 C
	258.423 231.1563 L
	259.4933 233.4921 258.4674 236.2534 256.1316 237.3236 C
	256.1316 237.3236 L
	253.7958 238.3939 251.0346 237.368 249.9644 235.0321 C
	241.6379 226.8119 L
	240.1325 224.7298 232.5926 230.1812 234.0981 232.2633 C
	240.2288 243.0497 L
	241.7613 245.112 241.332 248.0262 239.2698 249.5587 C
	239.2698 249.5587 L
	237.2075 251.0912 234.2934 250.6618 232.7607 248.5994 C
	222.9072 242.2902 L
	221.0018 240.5664 214.76 247.4664 216.6655 249.1901 C
	224.9049 258.466 L
	226.8328 260.1647 227.0187 263.1044 225.3202 265.0322 C
	225.3202 265.0322 L
	223.6216 266.96 220.6819 267.1459 218.754 265.4472 C
	207.8039 261.3245 L
	205.5817 260.0347 200.911 268.0817 203.1332 269.3715 C
	213.1212 276.7315 L
	215.3601 277.9924 216.1532 280.8292 214.8927 283.068 C
	214.8927 283.068 L
	213.632 285.3068 210.7951 286.0999 208.5562 284.8392 C
	196.9882 283.0833 L
	194.5464 282.2836 191.6508 291.1259 194.0927 291.9255 C
	205.3927 297.0481 L
	207.8448 297.8157 209.2104 300.4257 208.4429 302.8777 C
	208.4429 302.8777 L
	207.6753 305.3298 205.0653 306.6953 202.6132 305.9277 C
	190.9328 306.6153 L
	188.3781 306.3408 187.3843 315.5919 189.939 315.8664 C
	202.0572 318.5276 L
	204.1534 318.725 206.3976 320.9907 206.3976 323.6144 C
	h
}

"Cross 1"
{
	322.2582 435.2876 m
	372.1557 435.2876 L
	372.1557 385.6061 L
	322.2582 385.6061 L
	322.2582 335.4927 L
	272.1448 335.4927 L
	272.1448 385.6061 L
	222.8954 385.6061 L
	222.8954 435.2876 L
	272.1448 435.2876 L
	272.1448 484.969 L
	322.2582 484.969 L
	322.2582 435.2876 l
	h
}

"Cross 2"
{
   287 447 m
   215 447 L
   215 483 L
   287 483 L
   287 555 L
   323 555 L
   323 483 L
   395 483 L
   395 447 L
   323 447 L
   323 273 L
   287 273 L
   287 447 L
   h
}

"Cross 3"
{
	286.6428 528.9158 m
	322.6035 528.9158 L
	322.6035 508.6132 L
	347.8987 502.0257 368.1522 482.2147 374.692 456.9002 C
	394.5563 456.9002 L
	394.5563 420.5192 L
	374.6294 420.5192 L
	368.0897 395.2047 347.8987 375.0167 322.6035 368.4293 C
	322.6035 246.3744 L
	286.6428 246.3744 L
	286.6428 368.4221 L
	261.4192 374.9696 241.1831 395.3258 234.5609 420.5192 C
	214.5563 420.5192 L
	214.5563 456.9002 L
	234.8142 456.9002 L
	241.4363 482.0936 261.4192 501.9462 286.6428 508.4937 C
	286.6428 528.9158 L
	h

	322.6035 480.4518 m
	322.6035 456.9002 L
	346.3452 456.9002 L
	341.651 467.3191 333.1222 475.9429 322.6035 480.4518 C
	h

	262.82 456.9002 m
	286.6428 456.9002 L
	286.6428 480.5743 L
	276.0587 476.0316 267.4906 467.4157 262.82 456.9002 C
	h

	322.6035 420.5192 m
	322.6035 396.5906 L
	333.1222 401.0995 341.5243 410.1003 346.2186 420.5192 C
	322.6035 420.5192 L
	h

	286.6428 420.5192 m
	262.9467 420.5192 L
	267.6172 410.0037 276.0587 401.1374 286.6428 396.5948 C
	286.6428 420.5192 L
	h
}

"Cross 4"
{
	287.5049 467.3588 m
	287.5139 503.4214 L
	251.5 503.5 L
	251.5 539.5 L
	287.5139 539.4976 L
	287.5 575.5 L
	323.7142 575.5 L
	323.7863 539.4976 L
	359.5 539.5 L
	359.5 503.5 L
	323.7863 503.4214 L
	323.7239 467.3588 L
	413.5 467.3483 L
	413.5 431.3483 L
	323.7239 431.2111 L
	323.7142 215.5 L
	287.5 215.5 L
	287.5049 431.2111 L
	197.5 431.3483 L
	197.5 467.3483 L
	287.5049 467.3588 L
	h
}

"Cross 5"
{
	282.5672 387.9339 m
	296.0381 387.9339 306.9587 398.8545 306.9587 412.3254 c
	306.9587 425.7963 296.0381 436.717 282.5672 436.717 c
	269.0963 436.717 258.1756 425.7963 258.1756 412.3254 c
	258.1756 398.8545 269.0963 387.9339 282.5672 387.9339 c
	h

	293.8097 284.2585 m
	298.0624 277.0945 L
	298.915 275.6903 297.0954 274.9346 295.9025 274.9346 C
	295.1067 274.9346 L
	298.5261 266.1104 306.738 261.809 v
	313.7521 258.1349 292.9189 260.9512 291.0962 262.9821 C
	289.5439 261.5762 288.4425 259.8537 282.4932 259.8537 c
	276.5439 259.8537 275.7314 261.5137 273.8902 262.9821 C
	271.6689 260.9512 251.2344 258.1349 258.2484 261.809 c
	266.4604 266.1104 269.9117 274.9346 Y
	269.0795 274.9346 L
	267.8866 274.9346 266.067 275.6903 266.9196 277.0945 C
	271.1722 284.2585 L
	271.7861 285.4665 272.3189 286.4672 273.5118 286.4672 C
	273.5122 375.8072 L
	260.0754 379.18 249.1483 389.8258 245.8124 403.2772 C
	232.8814 403.292 L
	232.8814 398.3125 228.8882 394.228 223.9087 394.228 c
	218.9293 394.228 214.8925 398.3362 214.8925 403.3156 C
	209.9131 403.3156 205.8763 407.281 205.8763 412.2604 c
	205.8763 417.2398 209.9131 421.2409 214.8925 421.2409 C
	214.8925 426.2203 218.9293 430.2928 223.9087 430.2928 c
	228.8882 430.2928 232.911 426.2135 232.9375 421.2031 C
	246.0128 421.2079 L
	249.3675 434.6 260.1036 445.5066 273.4853 448.8875 C
	273.4901 461.8376 L
	268.5106 461.8376 264.4261 465.8308 264.4261 470.8102 c
	264.4261 475.7896 268.5343 479.8264 273.5137 479.8264 C
	273.5137 484.8058 277.4791 488.8426 282.4585 488.8426 c
	287.438 488.8426 291.439 484.8058 291.439 479.8264 C
	296.4185 479.8264 300.4909 475.7896 300.4909 470.8102 c
	300.4909 465.8308 296.3759 461.808 291.4201 461.8155 C
	291.4431 448.8217 L
	305.0048 445.5285 315.6844 434.8441 319.031 421.2325 C
	332.0357 421.2288 L
	332.0357 426.2083 336.0289 430.2928 341.0083 430.2928 c
	345.9878 430.2928 350.0245 426.1846 350.0245 421.2052 C
	355.004 421.2052 359.0407 417.2398 359.0407 412.2604 c
	359.0407 407.281 355.004 403.2799 350.0245 403.2799 C
	350.0245 398.3005 345.9878 394.228 341.0083 394.228 c
	336.0289 394.228 332.0061 398.3073 332.0061 403.2868 C
	318.723 403.2793 L
	315.3872 389.8279 304.2604 378.8921 290.8235 375.5193 C
	290.7986 286.471 L
	291.9915 286.471 293.1959 285.4665 293.8097 284.2585 C
	h
}

"Crown"
{
	259.2783 429.0884 m
	282.6655 366.3121 l
	310.9764 414.3175 l
	317.131 358.3112 l
	344.2109 388.4685 l
	337.9096 365.9503 330.0555 341.0785 v
	326.3628 329.3849 322.0546 307.2286 y
	286.3656 299.2278 260.5092 299.2277 v
	233.4292 299.2277 198.9638 307.2286 y
	194.6556 329.3849 190.9629 341.0785 v
	183.1088 365.9503 173.1147 391.5457 y
	206.3492 357.6958 l
	209.4265 413.7021 l
	237.7374 366.3121 l
	259.2783 429.0884 L
	h

	252.2721 440.1329 m
	252.2721 444.2055 255.5738 447.5072 259.6464 447.5072 c
	263.719 447.5072 267.0206 444.2055 267.0206 440.1329 c
	267.0206 436.0603 263.719 432.7587 259.6464 432.7587 c
	255.5738 432.7587 252.2721 436.0603 252.2721 440.1329 c
	h

	306.8963 424.1822 m
	306.8963 428.2548 310.1979 431.5565 314.2705 431.5565 c
	318.3431 431.5565 321.6447 428.2548 321.6447 424.1822 c
	321.6447 420.1096 318.3431 416.808 314.2705 416.808 c
	310.1979 416.808 306.8963 420.1096 306.8963 424.1822 c
	h

	199.1352 425.0282 m
	199.1352 429.1009 202.4369 432.4024 206.5095 432.4024 c
	210.5821 432.4024 213.8837 429.1009 213.8837 425.0282 c
	213.8837 420.9556 210.5821 417.654 206.5095 417.654 c
	202.4369 417.654 199.1352 420.9556 199.1352 425.0282 c
	h

	161.5604 399.5172 m
	161.5604 403.195 164.542 406.1765 168.2197 406.1765 c
	171.8975 406.1765 174.879 403.195 174.879 399.5172 c
	174.879 395.8395 171.8975 392.858 168.2197 392.858 c
	164.542 392.858 161.5604 395.8395 161.5604 399.5172 c
	h

	343.8908 397.2371 m
	343.8908 400.6456 346.654 403.4088 350.0625 403.4088 c
	353.471 403.4088 356.2342 400.6456 356.2342 397.2371 c
	356.2342 393.8286 353.471 391.0653 350.0625 391.0653 c
	346.654 391.0653 343.8908 393.8286 343.8908 397.2371 c
	h

	198.2224 295.6124 m
	197.1919 295.8534 196.0473 296.6011 196.0473 297.4958 C
	196.0473 300.3688 L
	196.1086 301.6448 197.0252 302.2698 198.2224 302.0169 C
	230.3617 294.4149 258.7982 294.4152 v
	290.9035 294.4152 321.9059 301.7068 Y
	323.3949 302.1865 324.9782 301.6865 324.9143 300.1004 C
	324.7893 297.8524 L
	324.7282 296.5617 323.8116 295.7284 322.9058 295.3856 C
	298.0662 286.8211 259.2982 286.8211 v
	220.5302 286.8211 198.2224 295.6124 Y
	h
}

"Cup"
{
	156.327 364.727 m
	151.357 364.727 147.3268 379.7299 y
	429.2074 379.7299 l
	425.1772 364.727 420.2072 364.727 V
	156.327 364.727 L
	h

	374.3953 407.5138 m
	374.3953 397.5734 366.3362 389.5143 356.3958 389.5143 C
	219.5953 389.5143 L
	209.6549 389.5143 201.5957 397.5734 201.5957 407.5138 C
	201.5957 544.3144 l
	374.3953 544.3144 L
	405.8349 544.3144 431.2049 519.1098 431.2049 487.6702 c
	431.2049 456.2306 405.8685 430.7816 374.4289 430.7816 C
	374.3953 407.5138 L
	h

	411.4869 487.6702 m
	411.4869 508.22 394.8863 524.9375 374.3365 524.9375 C
	374.3525 450.4844 L
	394.9023 450.4844 411.4869 467.1204 411.4869 487.6702 c
	h
}

"Egg"
{
	235.8687 376.7285 m
	235.8687 432.4893 269.5061 499.235 307.9618 499.235 c
	346.4176 499.235 375.1313 432.4893 375.1313 376.7285 c
	375.1313 320.9676 341.4939 291.765 303.0382 291.765 c
	264.5824 291.765 235.8687 320.9676 235.8687 376.7285 c
	h
}

"Flame"
{
	246.1723 402.1276 m
	235.7096 380.5867 244.9414 367.6622 v
	233.2478 363.9695 231.4014 377.5095 v
	229.6018 390.7065 243.5075 400.129 246.1723 402.1276 c
	h

	258.7891 221.7996 m
	216.3228 235.955 228.6319 285.1913 v
	233.1792 303.3801 248.6856 309.8688 y
	242.7873 290.115 248.3264 282.7295 v
	251.8101 278.0846 265.5591 291.3459 266.79 305.5013 c
	268.0209 319.6568 255.7118 335.0431 258.1737 349.1986 c
	260.6355 363.354 268.6364 376.2785 y
	270.4828 349.814 284.0227 339.9667 v
	297.5627 330.1195 312.9492 306.9072 312.9491 289.4995 c
	312.9491 266.7277 309.2564 250.7259 295.7164 234.7241 c
	286.9163 224.324 271.7137 216.876 258.7891 221.7996 c
	h

	264.9437 224.2614 m
	272.6298 221.9556 280.9455 227.3387 285.2536 240.2632 c
	289.5618 253.1877 284.6382 286.4223 278.4837 294.4232 c
	277.7626 277.4891 276.0218 272.2668 v
	272.9446 263.035 262.4819 252.5723 252.0191 264.8814 c
	250.2366 266.9785 246.48 229.8005 264.9437 224.2614 c
	h

	265.0099 236.5664 m
	265.0099 241.5865 269.3655 243.2599 269.8011 244.9333 c
	270.2366 246.6066 270.6722 244.9333 271.5433 236.9847 c
	272.4144 229.0362 267.4055 226.1078 y
	266.0988 226.9445 265.0099 231.5462 265.0099 236.5664 c
	h
}

"Flower"
{
	295.04 451.432 m
	295.04 477.7644 299.7233 499.1118 305.5004 499.1118 c
	311.2774 499.1118 315.9608 477.7644 315.9608 451.432 c
	315.9608 425.0996 311.2774 403.7523 305.5004 403.7523 c
	299.7233 403.7523 295.04 425.0996 295.04 451.432 c
	h

	266.6514 441.6332 m
	256.5742 465.961 252.7316 487.4755 258.0689 489.6864 c
	263.4061 491.8972 275.9024 473.9672 285.9795 449.6394 c
	296.0567 425.3116 299.8993 403.7971 294.562 401.5862 c
	289.2248 399.3754 276.7285 417.3054 266.6514 441.6332 c
	h

	244.1738 421.7163 m
	225.5537 440.3357 213.7703 458.7418 217.8551 462.8269 c
	221.94 466.9119 240.3466 455.1291 258.9667 436.5097 c
	277.5867 417.8903 289.3702 399.4841 285.2853 395.3991 c
	281.2004 391.314 262.7938 403.0969 244.1738 421.7163 c
	h

	231.0293 394.7136 m
	206.7013 404.7899 188.771 417.2854 190.9816 422.6227 c
	193.1922 427.96 214.7068 424.1182 239.0348 414.0419 c
	263.3628 403.9656 281.2932 391.4701 279.0825 386.1328 c
	276.8719 380.7955 255.3574 384.6373 231.0293 394.7136 c
	h

	229.2192 364.7362 m
	202.8871 364.7353 181.5398 369.4179 181.5396 375.1949 c
	181.5394 380.9719 202.8864 385.6559 229.2185 385.6568 c
	255.5506 385.6577 276.8979 380.9751 276.8981 375.1982 c
	276.8983 369.4212 255.5513 364.7371 229.2192 364.7362 c
	h

	239.0189 336.3483 m
	214.6917 326.2704 193.1775 322.4271 190.9666 327.7642 c
	188.7556 333.1013 206.6849 345.5981 231.0122 355.6759 c
	255.3394 365.7538 276.8535 369.5971 279.0645 364.26 c
	281.2755 358.9229 263.3461 346.4261 239.0189 336.3483 c
	h

	258.9364 313.8716 m
	240.3178 295.2511 221.9123 283.4671 217.8272 287.5518 c
	213.742 291.6365 225.5241 310.0433 244.1427 328.6638 c
	262.7612 347.2843 281.1668 359.0683 285.2519 354.9836 c
	289.3371 350.8989 277.555 332.492 258.9364 313.8716 c
	h

	285.9393 300.7282 m
	275.8639 276.4001 263.3692 258.4695 258.0318 260.6799 c
	252.6945 262.8903 256.5355 284.4048 266.6109 308.733 c
	276.6862 333.0611 289.181 350.9916 294.5184 348.7812 c
	299.8557 346.5708 296.0146 325.0563 285.9393 300.7282 c
	h

	315.9164 298.9191 m
	315.9182 272.5872 311.2364 251.24 305.4595 251.2397 c
	299.6826 251.2392 294.9978 272.5858 294.996 298.9177 c
	294.9942 325.2495 299.676 346.5968 305.4529 346.5972 c
	311.2299 346.5975 315.9146 325.251 315.9164 298.9191 c
	h

	344.3038 308.7197 m
	354.3824 284.393 358.2264 262.8793 352.8894 260.6681 c
	347.5524 258.457 335.0552 276.3857 324.9765 300.7124 c
	314.8979 325.039 311.0539 346.5528 316.3909 348.7639 c
	321.7279 350.9751 334.2252 333.0463 344.3038 308.7197 c
	h

	366.7795 328.6378 m
	385.4005 310.02 397.185 291.6151 393.1005 287.5299 c
	389.0159 283.4446 370.6089 295.2259 351.9879 313.8437 c
	333.367 332.4614 321.5825 350.8664 325.667 354.9516 c
	329.7516 359.0369 348.1586 347.2555 366.7795 328.6378 c
	h

	379.9218 355.6408 m
	404.2501 345.5664 422.1809 333.0724 419.9707 327.7351 c
	417.7605 322.3977 396.2461 326.238 371.9178 336.3124 c
	347.5896 346.3867 329.6588 358.8808 331.869 364.2182 c
	334.0792 369.5555 355.5936 365.7153 379.9218 355.6408 c
	h

	381.7299 385.6177 m
	408.0615 385.6204 429.4086 380.9394 429.4092 375.1626 c
	429.4098 369.3857 408.0636 364.7003 381.732 364.6976 c
	355.4004 364.6949 334.0532 369.3759 334.0527 375.1527 c
	334.0521 380.9295 355.3983 385.615 381.7299 385.6177 c
	h

	371.9284 414.0045 m
	396.2545 424.0838 417.7679 427.9285 419.9792 422.5917 c
	422.1905 417.2548 404.2624 404.7571 379.9363 394.6777 c
	355.6103 384.5984 334.0968 380.7536 331.8855 386.0905 c
	329.6742 391.4273 347.6024 403.9251 371.9284 414.0045 c
	h

	352.0097 436.4793 m
	370.6267 455.1007 389.031 466.8857 393.1164 462.8014 c
	397.2017 458.717 385.4211 440.3098 366.8042 421.6884 c
	348.1873 403.067 329.7829 391.2819 325.6976 395.3663 c
	321.6123 399.4506 333.3928 417.8579 352.0097 436.4793 c
	h

	325.0065 449.6205 m
	335.08 473.9489 347.5733 491.8799 352.9106 489.6699 c
	358.248 487.4599 354.4085 465.9456 344.3351 441.6173 c
	334.2616 417.289 321.7683 399.3579 316.4309 401.5679 c
	311.0936 403.7779 314.933 425.2922 325.0065 449.6205 c
	h

	280.3173 375.2142 m
	280.3173 389.1085 291.5813 400.3725 305.4757 400.3725 c
	319.37 400.3725 330.634 389.1085 330.634 375.2142 c
	330.634 361.3198 319.37 350.0558 305.4757 350.0558 c
	291.5813 350.0558 280.3173 361.3198 280.3173 375.2142 c
	h
}

"Gear"
{
	212.2421 321.105 m
	211.7351 323.0354 209.1323 325.2693 206.9899 325.0674 C
	195.7077 328.1685 L
	193.1518 328.4312 191.2928 330.7162 191.5555 333.272 C
	191.5555 333.272 L
	191.8182 335.8278 194.103 337.6868 196.659 337.4241 C
	209.0658 337.5075 L
	211.6181 337.2114 213.9273 339.0403 214.2234 341.5926 C
	214.2234 341.5926 L
	214.5194 344.1448 212.6906 346.4539 210.1382 346.75 C
	199.7474 352.1291 L
	197.302 352.9175 195.9586 355.539 196.7468 357.9844 C
	196.7468 357.9844 L
	197.5353 360.4298 200.1568 361.773 202.6023 360.9846 C
	214.7552 358.4867 L
	217.1903 357.6664 219.8293 358.9752 220.6496 361.4101 C
	220.6496 361.4101 L
	221.4698 363.8451 220.161 366.4839 217.726 367.3043 C
	208.6806 374.7263 L
	206.4525 376.0059 205.6836 378.8495 206.9631 381.0774 C
	206.9631 381.0774 L
	208.2428 383.3055 211.0862 384.0743 213.3143 382.7947 C
	224.6825 377.8246 L
	226.8937 376.5159 229.7471 377.2474 231.0557 379.4586 C
	231.0557 379.4586 L
	232.3644 381.6698 231.6328 384.5232 229.4216 385.8318 C
	222.1169 394.9723 L
	220.2036 396.6872 220.0427 399.6285 221.7575 401.5418 C
	221.7575 401.5418 L
	223.4724 403.4551 226.4136 403.6159 228.327 401.901 C
	238.4133 394.6759 L
	240.3041 392.936 243.2474 393.0583 244.9871 394.9491 C
	244.9871 394.9491 L
	246.7268 396.8399 246.6046 399.783 244.7137 401.5228 C
	239.4692 411.9823 L
	237.9542 414.0576 238.4084 416.9681 240.4835 418.483 C
	240.4835 418.483 L
	242.5587 419.9979 245.4692 419.5438 246.9842 417.4685 C
	255.3479 408.3041 L
	256.8356 406.2091 259.7399 405.7168 261.8348 407.2045 C
	261.8348 407.2045 L
	263.9297 408.6922 264.4219 411.5964 262.9342 413.6914 C
	259.9788 425.0128 L
	258.9285 427.3577 259.9779 430.1103 262.3227 431.1606 C
	262.3227 431.1606 L
	264.6674 432.2109 267.4199 431.1615 268.4703 428.8167 C
	274.7459 418.1136 L
	275.7655 415.755 278.504 414.6696 280.8624 415.6892 C
	280.8624 415.6892 L
	283.2208 416.709 284.3062 419.4474 283.2865 421.8058 C
	282.7497 433.4943 L
	282.2099 436.0064 283.8086 438.4806 286.3205 439.0205 C
	286.3205 439.0205 L
	288.8325 439.5603 291.3066 437.9616 291.8465 435.4496 C
	295.7594 423.6755 L
	296.2666 421.1565 298.7196 419.5254 301.2384 420.0324 C
	301.2384 420.0324 L
	303.7574 420.5395 305.3883 422.9924 304.8812 425.5114 C
	306.7727 437.046 L
	306.7665 439.6152 308.8443 441.7029 311.4134 441.7091 C
	311.4134 441.7091 L
	313.9826 441.7152 316.0702 439.6374 316.0763 437.0682 C
	317.4573 424.739 L
	317.4298 422.1699 319.4901 420.0649 322.0592 420.0375 C
	322.0592 420.0375 L
	324.6282 420.0099 326.7332 422.0703 326.7608 424.6395 C
	331.0229 435.5354 L
	331.5509 438.0498 334.0175 439.6599 336.5318 439.1316 C
	336.5318 439.1316 L
	339.0461 438.6036 340.6562 436.1371 340.1279 433.6227 C
	338.9153 421.2758 L
	338.3542 418.7685 339.932 416.2812 342.4391 415.7201 C
	342.4391 415.7201 L
	344.9463 415.1591 347.4336 416.7367 347.9947 419.2441 C
	354.4292 429.0158 L
	355.4686 431.3654 358.2159 432.4275 360.5654 431.3881 C
	360.5654 431.3881 L
	362.915 430.3488 363.977 427.6014 362.9375 425.2518 C
	359.1843 413.4267 L
	358.1142 411.091 359.1402 408.3298 361.476 407.2598 C
	361.476 407.2598 L
	363.8117 406.1898 366.5728 407.2159 367.643 409.5517 C
	375.9685 417.772 L
	377.4737 419.8542 380.3819 420.3219 382.4639 418.8167 C
	382.4639 418.8167 L
	384.546 417.3115 385.0136 414.4035 383.5084 412.3213 C
	377.3786 401.535 L
	375.8462 399.4727 376.2758 396.5587 378.3379 395.0264 C
	378.3379 395.0264 L
	380.4002 393.4941 383.3142 393.9236 384.8465 395.9859 C
	394.6993 402.2956 L
	396.6047 404.0193 399.5465 403.8722 401.2701 401.967 C
	401.2701 401.967 L
	402.9938 400.0618 402.8465 397.1199 400.9412 395.3963 C
	392.7027 386.1202 L
	390.775 384.4215 390.5893 381.4819 392.2879 379.5543 C
	392.2879 379.5543 L
	393.9864 377.6267 396.9261 377.441 398.8538 379.1397 C
	409.8032 383.2629 L
	412.0253 384.5528 414.8722 383.7972 416.162 381.5753 C
	416.162 381.5753 L
	417.4518 379.3534 416.6963 376.5064 414.4743 375.2166 C
	404.487 367.8561 L
	402.2483 366.5954 401.4555 363.7585 402.716 361.5199 C
	402.716 361.5199 L
	403.9768 359.2812 406.8137 358.4884 409.0524 359.7491 C
	420.6198 361.5057 L
	423.0614 362.3055 425.6891 360.9744 426.4888 358.5329 C
	426.4888 358.5329 L
	427.2885 356.0914 425.9575 353.4637 423.5159 352.6641 C
	412.2164 347.5409 L
	409.7645 346.7732 408.3992 344.1632 409.1668 341.7114 C
	409.1668 341.7114 L
	409.9346 339.2595 412.5446 337.8942 414.9965 338.6619 C
	426.6764 337.975 L
	429.231 338.2497 431.5245 336.4014 431.799 333.8469 C
	431.799 333.8469 L
	432.0736 331.2924 430.2254 328.999 427.6709 328.7244 C
	415.5531 326.0625 L
	412.9952 325.8214 411.117 323.5523 411.3581 320.9945 C
	411.3581 320.9945 L
	411.5993 318.4365 413.8683 316.5584 416.4263 316.7995 C
	427.7082 313.6992 L
	430.264 313.4367 432.1232 311.1519 431.8606 308.5962 C
	431.8606 308.5962 L
	431.5981 306.0405 429.3134 304.1814 426.7576 304.444 C
	414.3512 304.3598 L
	411.7989 304.6557 409.4901 302.8267 409.1941 300.2746 C
	409.1941 300.2746 L
	408.8981 297.7224 410.7272 295.4135 413.2794 295.1175 C
	423.6702 289.7394 L
	426.1156 288.9512 427.459 286.3298 426.6709 283.8845 C
	426.6709 283.8845 L
	425.8827 281.4391 423.2614 280.0958 420.8159 280.884 C
	408.6632 283.3811 L
	406.2282 284.2012 403.5896 282.8922 402.7694 280.4574 C
	402.7694 280.4574 L
	401.9492 278.0226 403.2582 275.3838 405.6932 274.5636 C
	414.7388 267.1425 L
	416.9669 265.8631 417.7358 263.0197 416.4565 260.7918 C
	416.4565 260.7918 L
	415.1771 258.5638 412.3338 257.7948 410.1056 259.0742 C
	398.7376 264.0435 L
	396.5264 265.3519 393.6732 264.6201 392.3648 262.4091 C
	392.3648 262.4091 L
	391.0563 260.198 391.7881 257.3447 393.9992 256.0362 C
	401.3042 246.8965 L
	403.2176 245.1819 403.3787 242.2406 401.664 240.3273 C
	401.664 240.3273 L
	399.9493 238.414 397.0082 238.253 395.0948 239.9677 C
	385.0084 247.1919 L
	383.1175 248.9316 380.1746 248.8092 378.4349 246.9184 C
	378.4349 246.9184 L
	376.6953 245.0276 376.8179 242.0846 378.7087 240.3449 C
	383.9537 229.8862 L
	385.4688 227.8111 385.0148 224.9007 382.9398 223.3857 C
	382.9398 223.3857 L
	380.8648 221.8707 377.9543 222.3247 376.4393 224.3997 C
	368.0754 233.5633 L
	366.5876 235.6581 363.6833 236.1501 361.5887 234.6624 C
	361.5887 234.6624 L
	359.494 233.1747 359.0019 230.2704 360.4898 228.1757 C
	363.4456 216.855 L
	364.4962 214.5102 363.4469 211.7577 361.1024 210.7073 C
	361.1024 210.7073 L
	358.7576 209.6568 356.0053 210.7059 354.9548 213.0507 C
	348.6788 223.753 L
	347.6591 226.1114 344.9206 227.1966 342.5624 226.1769 C
	342.5624 226.1769 L
	340.2041 225.1571 339.119 222.4186 340.1387 220.0603 C
	340.6761 208.3724 L
	341.2163 205.8604 339.6176 203.3863 337.1059 202.8462 C
	337.1059 202.8462 L
	334.5941 202.3063 332.12 203.9047 331.58 206.4167 C
	327.6664 218.19 L
	327.1592 220.7089 324.7062 222.3396 322.1875 221.8326 C
	322.1875 221.8326 L
	319.6687 221.3254 318.038 218.8725 318.5451 216.3536 C
	316.6407 204.8093 L
	316.6466 202.2399 314.5686 200.1522 311.9995 200.1462 C
	311.9995 200.1462 L
	309.4301 200.1403 307.3426 202.2183 307.3366 204.7877 C
	305.9564 217.1174 L
	305.984 219.6867 303.9237 221.7918 301.3546 221.8195 C
	301.3546 221.8195 L
	298.7853 221.8471 296.6801 219.7868 296.6525 217.2176 C
	292.3895 206.3214 L
	291.8611 203.807 289.3945 202.197 286.8802 202.7253 C
	286.8802 202.7253 L
	284.3658 203.2536 282.7559 205.7203 283.2842 208.2347 C
	284.4977 220.5821 L
	285.0589 223.0895 283.4813 225.5769 280.9741 226.1382 C
	280.9741 226.1382 L
	278.4668 226.6995 275.9792 225.1218 275.418 222.6144 C
	268.9826 212.8428 L
	267.9431 210.4931 265.1956 209.4312 262.846 210.4707 C
	262.846 210.4707 L
	260.4965 211.5103 259.4345 214.2578 260.4741 216.6074 C
	264.2283 228.4326 L
	265.2986 230.7685 264.2727 233.5297 261.9369 234.6 C
	261.9369 234.6 L
	259.601 235.6703 256.8399 234.6444 255.7697 232.3084 C
	247.4432 224.0883 L
	245.9377 222.0062 243.0295 221.5386 240.9475 223.044 C
	240.9475 223.044 L
	238.8653 224.5494 238.3979 227.4576 239.9033 229.5397 C
	246.0341 240.3261 L
	247.5666 242.3883 247.1372 245.3025 245.075 246.835 C
	245.075 246.835 L
	243.0128 248.3676 240.0986 247.9381 238.566 245.8758 C
	228.7124 239.5665 L
	226.807 237.8428 223.8651 237.9903 222.1415 239.8956 C
	222.1415 239.8956 L
	220.4179 241.8009 220.5653 244.7428 222.4708 246.4665 C
	230.7102 255.7424 L
	232.6381 257.441 232.824 260.3808 231.1255 262.3086 C
	231.1255 262.3086 L
	229.4269 264.2364 226.4872 264.4223 224.5592 262.7236 C
	213.6092 258.6009 L
	211.387 257.3111 208.54 258.0669 207.2502 260.2889 C
	207.2502 260.2889 L
	205.9604 262.5111 206.7163 265.3581 208.9385 266.6478 C
	218.9264 274.0079 L
	221.1654 275.2686 221.9585 278.1055 220.6979 280.3443 C
	220.6979 280.3443 L
	219.4372 282.5832 216.6004 283.3762 214.3614 282.1156 C
	202.7935 280.3596 L
	200.3517 279.56 197.724 280.8913 196.9244 283.3329 C
	196.9244 283.3329 L
	196.1249 285.7746 197.4561 288.4023 199.8979 289.2018 C
	211.198 294.3245 L
	213.6501 295.0921 215.0156 297.702 214.2482 300.154 C
	214.2482 300.154 L
	213.4805 302.6061 210.8705 303.9717 208.4184 303.204 C
	196.7381 303.8916 L
	194.1833 303.6171 191.8899 305.4657 191.6155 308.0202 C
	191.6155 308.0202 L
	191.3411 310.5748 193.1896 312.8682 195.7442 313.1427 C
	207.8624 315.804 L
	209.9587 316.0014 212.2421 318.4813 212.2421 321.105 C
	h

	322.8135 357.7836 m
	328.9876 356.0646 334.6942 352.8661 339.2297 348.5943 C
	378.6923 371.1423 L
	365.8012 388.9241 346.0334 400.8168 322.8135 403.6894 C
	322.8135 357.7836 L
	h

	284.8274 347.7412 m
	289.6316 352.5574 295.3807 356.1254 302.1576 357.9168 C
	302.1576 403.7665 L
	278.9467 401.0052 257.9484 388.8364 244.5512 370.8602 C
	284.8274 347.7412 L
	h

	228.2306 321.1261 m
	228.2306 309.3892 230.7777 297.9316 235.4414 287.4552 C
	274.6069 310.6059 L
	273.8362 313.6662 273.4268 316.8702 273.4268 320.1698 c
	273.4268 323.5929 273.8674 326.9132 274.695 330.0769 C
	234.2895 352.6262 L
	230.3873 342.9827 228.2306 332.3702 228.2306 321.1261 C
	h

	302.1576 282.5663 m
	295.7211 284.3654 289.7337 287.7726 285.1003 292.3275 C
	246.029 269.8088 L
	259.2712 252.8132 278.6536 240.7673 302.1576 238.3252 C
	302.1576 282.5663 L
	h

	340.9637 293.484 m
	335.9863 288.171 330.0805 284.2508 322.8135 282.3709 C
	322.8135 238.6168 L
	345.8182 241.5822 365.5182 253.1764 378.2244 270.0298 C
	340.9637 293.484 L
	h

	350.2648 329.9816 m
	351.0764 326.8465 351.5081 323.5585 351.5081 320.1698 c
	351.5081 316.5943 351.0275 313.1311 350.1272 309.8412 C
	388.8125 288.9707 L
	392.5824 298.5569 394.6239 309.0828 394.6239 320.1801 c
	394.624 331.4113 392.6967 341.9516 389.1537 351.5195 C
	350.2648 329.9816 L
	h

	312.4675 300.1808 m
	323.5069 300.1808 332.4565 309.1303 332.4565 320.1698 c
	332.4565 331.2092 323.5069 340.1588 312.4675 340.1588 c
	301.428 340.1588 292.4785 331.2092 292.4785 320.1698 c
	292.4785 309.1303 301.428 300.1808 312.4675 300.1808 c
	h
}

"Hand"
{
	341.1288 490.9415 m
	341.9217 506.6534 347.1889 522.2844 359.3439 521.9717 c
	375.5387 521.5549 371.8821 485.0247 Y
	370.5904 414.7995 L
	370.7161 406.7791 370.9988 399.4325 371.5129 393.6784 c
	372.7672 379.6386 376.0243 329.5429 369.2264 329.209 C
	303.4421 330.9723 291.83 278.8788 y
	315.4242 324.0074 364.1088 326.2514 366.5822 324.5988 c
	375.7886 318.4473 388.0971 361.5712 y
	399.5955 389.7478 417.2086 388.2312 v
	427.5426 387.3413 408.278 337.266 408.1182 326.7169 c
	407.8187 306.9476 401.9599 284.4405 y
	395.2175 274.888 391.9583 270.8285 v
	381.2821 257.5308 371.3703 243.9443 368.8028 239.6651 c
	357.8141 223.1713 326.6054 222.1825 v
	303.3539 221.4457 283.9589 221.3249 270.4939 225.606 c
	257.0288 229.8871 240.796 241.8206 y
	222.4129 259.4834 224.2185 301.5192 225.3235 331.2353 C
	226.598 354.4286 231.1679 385.584 y
	222.0369 474.66 l
	219.3938 497.0016 234.3375 498.7716 v
	245.3083 500.0711 244.5256 480.4859 y
	256.3879 401.8903 255.6263 405.0009 v
	255.3516 406.1228 259.9366 407.1287 y
	257.0519 441.3704 255.6913 515.4395 y
	256.4743 532.3764 268.4063 533.3201 v
	286.7824 534.7736 285.472 498.5579 y
	289.639 412.1754 l
	295.4672 412.0054 l
	294.3658 516.2032 l
	292.9982 552.6328 307.3322 553.1793 v
	329.6268 554.029 327.0118 513.719 y
	327.8082 404.6497 330.0251 403.9403 v
	330.4185 403.8144 337.2253 398.0108 337.3997 403.6277 c
	337.5817 409.4882 337.6545 413.7391 337.9354 420.8771 C
	341.1288 490.9415 L
	h
}

"Heart"
{
	300.4952 264.5488 m
	236.5014 297.2148 176.1519 341.1253 176.1519 399.0287 c
	176.1521 462.1642 235.1833 519.0603 300.1067 463.0252 C
	359.6843 523.3738 425.6162 466.8023 425.6159 404.8406 c
	425.6159 343.0683 359.2957 299.5463 300.4952 264.5488 C
	h
}

"Horse Shoe"
{
	273.4741 534.8043 m
	341.878 534.8043 397.311 471.2931 397.311 383.8063 c
	397.311 334.0909 379.4037 289.7239 351.3888 260.6808 c
	341.6908 252.0979 335.7804 252.0979 v
	329.87 252.0979 325.0343 254.5597 320.2622 260.1094 c
	317.2008 263.6696 311.0643 271.1771 311.6016 274.8699 c
	312.1389 278.5626 315.3627 278.5626 320.1985 282.2554 c
	325.0342 285.9482 335.5312 276.9953 Y
	361.3866 300.0478 375.3061 335.0186 375.3061 377.7003 c
	375.3061 447.9011 329.7181 497.3987 273.4741 497.3987 C
	217.2301 497.3987 171.6421 447.9011 171.6421 377.7003 c
	171.6421 335.0186 185.5615 300.0478 211.4169 276.9953 C
	221.9139 285.9482 226.7497 282.2554 v
	231.5854 278.5626 234.8092 278.5626 235.3466 274.8699 c
	235.8839 271.1771 229.7473 263.6696 226.6859 260.1094 c
	221.9139 254.5597 217.0781 252.0979 211.1678 252.0979 c
	205.2574 252.0979 195.5594 260.6808 y
	167.5445 289.7239 149.6371 334.0909 149.6371 383.8063 c
	149.6371 471.2931 205.0701 534.8043 273.4741 534.8043 C
	h
}

"House"
{
	255.6478 489.0499 m
	321.1963 440.7509 l
	321.4909 464.2696 l
	338.7224 464.2862 l
	338.7294 426.9237 l
	366.8899 406.5783 l
	346.3639 406.5783 l
	346.3639 301.9501 L
	163.0853 301.9501 L
	163.0853 406.5783 l
	144.4056 406.5783 l
	255.6478 489.0499 L
	h
}

"Leaf"
{
	301.6469 500.2156 m
	302.646 496.9833 302.9986 493.5159 304.0565 490.3424 C
	305.3494 484.5243 311.1675 485.0532 314.0471 480.8807 C
	315.9277 477.1783 317.6907 471.419 322.5098 471.0075 C
	324.9193 472.0066 331.7953 473.8284 333.6759 472.8294 C
	335.8503 469.362 333.1469 454.7874 333.4995 450.85 C
	335.0863 445.6195 334.0872 439.0374 332.3829 434.4535 C
	332.4417 432.8667 331.2663 427.3425 332.0891 425.9907 C
	336.0853 423.0523 341.4333 420.9367 346.3699 422.876 C
	349.0732 423.8163 352.0704 426.6372 353.2458 429.3993 C
	356.1255 431.28 358.8876 427.7538 362.0023 427.6951 C
	365.2934 428.2827 375.5191 429.9283 377.9286 430.8098 C
	382.8652 434.8061 384.687 440.918 388.8008 444.9143 C
	389.2122 445.2081 389.7999 445.5019 390.3288 445.2081 C
	391.563 444.0328 388.9184 436.1577 390.0938 433.7483 C
	390.1525 429.6932 388.7421 424.5216 393.4436 421.9357 C
	394.6777 421.2893 394.2075 419.7613 394.5601 418.6447 C
	391.9156 412.2389 389.7411 405.0104 384.5695 399.8975 C
	384.6283 398.7808 392.0331 395.5486 Y
	395.4416 395.4311 403.6694 398.6046 404.3157 397.7818 C
	405.3148 395.6074 397.5574 387.2622 396.4407 384.3825 C
	392.6208 381.0327 390.035 375.5673 384.687 374.098 C
	382.16 373.1578 375.5779 366.752 373.4034 366.0467 C
	373.5797 365.7529 L
	369.1721 364.46 365.9398 361.3452 362.0023 358.9945 C
	361.1796 357.8779 367.1152 347.1232 372.4632 346.8881 C
	375.813 343.4796 388.9184 337.8966 388.9184 335.3108 C
	389.2122 333.4302 372.5219 326.9069 365.8223 326.1429 C
	358.7113 320.9712 347.2514 320.7361 338.6124 321.5001 C
	329.6208 321.794 314.4672 323.5283 305.6781 325.0641 C
	304.3 325.1831 305.6012 301.7088 307.9133 291.1037 C
	308.3414 289.6182 302.3179 286.2363 300.7974 287.4628 C
	303.8136 298.1014 298.9017 324.3109 Y
	294.6143 322.6336 274.6134 320.7361 272.1451 321.2062 C
	267.855 321.0887 256.3363 326.9656 254.1031 326.0253 C
	254.1031 326.1429 L
	246.1106 326.3779 237.7655 326.3779 230.2431 329.9629 C
	230.0079 330.433 230.0079 330.9618 229.8316 331.4908 C
	234.4744 333.0188 238.7058 336.3098 243.2309 338.4254 C
	251.955 343.8014 250.9884 354.4694 Y
	241.4678 355.821 230.5957 356.9964 222.0742 361.6979 C
	217.7253 365.7529 L
	214.2579 369.279 213.3765 375.391 209.5565 379.3284 C
	205.5015 384.0887 200.0359 388.4376 198.6843 394.9609 C
	200.9763 395.7249 203.0919 394.2557 205.4427 394.1381 C
	208.7337 394.3144 216.3148 396.9591 Y
	216.785 403.2473 208.2636 420.9367 206.4417 423.7575 C
	205.7365 425.6381 206.8531 438.2734 Y
	207.0882 442.3872 208.7925 446.501 207.5583 450.9674 C
	208.675 451.7902 L
	215.3746 444.3854 223.6022 434.1008 234.6507 433.0429 C
	240.2925 435.5113 246.2869 435.6876 252.2813 433.4544 C
	254.5732 432.5728 257.1591 429.8695 259.4511 431.515 C
	260.6264 435.3937 264.0938 437.9208 268.0901 438.9787 C
	268.5015 439.39 L
	267.326 443.7977 266.2094 448.2641 269.0304 451.9665 C
	267.6199 457.2557 273.438 461.9572 270.9109 467.07 C
	271.6161 471.654 269.0304 480.528 269.3242 480.4693 C
	272.9679 478.7062 278.0807 475.8265 282.7234 476.7669 C
	287.4837 479.0588 288.9529 484.5243 294.4184 485.8172 C
	298.1208 489.5197 296.299 494.8088 297.5332 499.5103 C
	297.4744 501.6848 301.4707 503.6829 301.6469 500.2156 C
	h
}

"Lightning Bolt"
{
	344 511 m
	311 450 l
	340 450 l
	303 381 l
	329 380 l
	277 279 l
	291 354 l
	268 355 l
	293 426 l
	267 427 l
	294 512 L
	344 511 L
	h
}

"Note"
{
	309.2436 486.966 m
	310.2516 479.7667 310.3955 470.6958 317.8825 461.6247 c
	323.642 454.7135 330.1213 448.5221 334.5847 442.9067 c
	340.4882 435.5635 344.6638 426.3486 344.6638 416.9895 c
	344.6638 402.0153 337.4645 387.1849 332.5689 378.9777 c
	330.2653 378.9777 L
	333.7209 386.7529 340.6321 399.5675 340.0561 413.2461 c
	339.7682 420.8771 336.8885 429.0843 331.9932 435.1315 c
	326.5218 442.1869 317.3068 447.8021 309.2436 448.3782 c
	309.2436 366.7391 L
	309.2436 360.2599 305.356 354.3565 299.7405 350.0369 c
	294.2693 345.7175 287.0699 343.1257 280.7347 343.1257 c
	276.7032 343.1257 272.9596 344.4217 270.3679 346.5813 c
	267.6321 348.7411 266.0483 351.9087 266.0483 355.6524 c
	266.0483 361.5557 270.08 367.4591 275.5514 371.7787 c
	281.0228 376.2421 287.934 379.1217 293.6934 379.1217 c
	298.7328 379.1217 303.0524 378.402 305.6439 375.9541 c
	305.6439 486.966 L
	309.2436 486.966 l
	h
}

"Phone"
{
	321.0688 450.4345 m
	323.4029 448.7628 324.2937 446.7633 y
	326.9549 440.0949 327.7341 432.8761 v
	328.7859 423.1321 326.063 417.7416 325.7701 415.5154 c
	325.4772 413.2891 322.7622 411.616 y
	313.6612 408.1439 l
	319.8853 414.5064 317.7088 432.5642 v
	315.9716 446.9768 309.6915 453.4705 y
	318.7347 452.1062 321.0688 450.4345 v
	h

	319.1425 311.812 m
	321.0824 309.3904 321.4389 307.0617 y
	322.7412 300.4901 321.654 290.9423 v
	320.509 280.8871 317.7583 277.6577 315.827 275.1798 c
	314.3535 273.2891 311.6203 272.0554 y
	299.6392 269.8267 l
	308.5586 274.8763 311.5813 293.754 v
	314.2905 310.6737 308.3179 317.7718 y
	317.2026 314.2336 319.1425 311.812 v
	h

	295.4658 271.1367 m
	288.9275 270.9692 279.1231 279.095 v
	265.0808 290.7334 259.5351 317.3793 265.9364 381.6803 c
	270.4601 427.118 274.1897 434.2651 284.0133 442.735 c
	294.0456 451.3848 304.4233 453.2497 305.1706 452.5494 c
	305.9179 451.8493 311.9653 446.0016 313.7686 432.323 c
	315.497 419.2125 311.2449 408.886 309.2905 408.0608 c
	307.3361 407.2356 302.1014 407.9815 299.585 402.0187 c
	297.0686 396.0559 295.9231 393.1431 292.86 367.9147 c
	289.5611 340.7457 294.2266 329.0434 296.4107 323.6638 c
	298.5949 318.2842 304.5272 319.1917 305.2149 317.563 c
	305.9026 315.9343 308.7655 312.0802 307.725 296.2634 c
	306.6844 280.4466 295.4658 271.1367 y
	h
}

"Plane"
{
	397.6256 187.2428 m
	386.1256 187.2428 l
	369.1256 215.2428 l
	343.2763 211.4049 334.6599 211.4049 v
	326.0014 211.4049 276.6256 211.2428 y
	284.546 178.3579 l
	316.6256 113.2428 l
	296.1256 113.2428 l
	216.6256 210.7428 l
	122.1293 210.6641 111.6343 212.1438 V
	106.5618 212.9047 91.6256 216.6384 91.6256 224.2428 C
	91.6256 231.8473 106.5255 235.8684 111.6256 236.4144 c
	126.5103 238.0079 216.6256 237.7428 y
	296.1256 335.2428 l
	316.6256 335.2428 l
	284.546 270.1278 l
	276.6256 237.2428 l
	326.0014 237.0808 334.6599 237.0808 v
	343.2763 237.0808 369.1256 233.2428 y
	386.1256 261.2428 l
	397.6256 261.2428 l
	392.1256 224.2428 L
	397.6256 187.2428 l
	h
}

"Right Triangle"
{
	192 301 m
	192 442 L
	332 301 L
	192 301 L
	h
}

"Rounded Rectangle"
{
	172.1145 362.8894 m
	162.1741 362.8894 154.1145 370.9479 154.1145 380.8894 C
	154.1145 488.8894 L
	154.1145 498.8309 162.1741 506.8894 172.1145 506.8894 C
	424.1145 506.8894 L
	434.0549 506.8894 442.1145 498.8309 442.1145 488.8894 C
	442.1145 380.8894 L
	442.1145 370.9479 434.0549 362.8894 424.1145 362.8894 C
	172.1145 362.8894 L
	h
}

"Rounded Triangle"
{
	355.1932 382.8683 m
	355.794 381.7599 356.1351 380.4903 356.1351 379.141 c
	356.1351 374.8147 352.6279 371.3075 348.3016 371.3075 C
	175.6108 371.3075 L
	171.2845 371.3075 167.7772 374.8147 167.7772 379.141 c
	167.7772 380.4903 168.1184 381.7599 168.7191 382.8683 C
	255.0699 541.7567 L
	256.4004 544.1851 258.9802 545.8316 261.9444 545.8316 c
	264.9214 545.8316 267.5106 544.1709 268.8361 541.7254 C
	355.1932 382.8683 L
	h
}

"Shape 1"
{
	367 375 m
	367 334 L
	244 334 L
	244 457 L
	285 457 L
	285 416 L
	327 416 L
	327 375 L
	367 375 L
	h
}

"Shape 2"
{
	280.2759 465.587 m
	280.2759 506.5151 L
	321.204 506.5151 L
	321.204 465.587 L
	362.1321 465.587 L
	362.1321 424.659 L
	403.0601 424.659 L
	403.0601 383.7309 L
	362.1321 383.7309 L
	362.1321 342.8028 L
	321.204 342.8028 L
	321.204 301.8748 L
	280.2759 301.8748 L
	280.2759 342.8028 L
	239.3479 342.8028 L
	239.3479 383.7309 L
	198.4198 383.7309 L
	198.4198 424.659 L
	239.3479 424.659 L
	239.3479 465.587 L
	280.2759 465.587 L
	h
}

"Shape 3"
{
	222.105 438.89 m
	285.8371 502.6221 389.1707 502.6221 452.9027 438.89 c
	337.5039 299.1804 L
	222.105 438.89 l
	h
}

"Shape 4"
{
	148.9864 455.1996 m
	148.9864 526.3427 206.6612 584.0175 277.8043 584.0175 c
	348.9475 584.0175 406.6223 526.3427 406.6223 455.1996 c
	406.6223 384.0564 348.9475 326.3816 277.8043 326.3816 c
	206.6612 326.3816 148.9864 384.0564 148.9864 455.1996 c
	h

	277.8043 390.3554 m
	313.6162 390.3554 342.6485 419.3876 342.6485 455.1996 c
	342.6485 491.0115 313.6162 520.0437 277.8043 520.0437 c
	241.9924 520.0437 212.9602 491.0115 212.9602 455.1996 c
	212.9602 419.3876 241.9924 390.3554 277.8043 390.3554 c
	h
}

"Shape 5"
{
	187.3317 336.1081 m
	187.3317 545.6721 L
	396.8958 545.6721 L
	396.8958 336.1081 L
	187.3317 336.1081 L
	h

	354.5567 378.4472 m
	354.5567 503.3331 L
	229.6708 503.3331 L
	229.6708 378.4472 L
	354.5567 378.4472 L
	h
}

"Shape 6"
{
	240.8767 366.5733 m
	240.8767 473.6634 L
	288.8826 538.562 L
	337.5039 473.6634 L
	337.5039 366.5733 L
	240.8767 366.5733 L
	h
}

"Shape 7"
{
	339.658 358.8801 m
	226.1057 358.8801 L
	226.0973 472.3555 L
	226.0973 503.7209 251.5164 529.0716 282.8819 529.0716 c
	314.2473 529.0716 339.6665 503.7209 339.6665 472.3555 C
	339.658 358.8801 L
	h
}

"Shape 8"
{
	288.8583 367.8529 m
	208.8242 474.2788 l
	225.4416 498.2817 l
	288.8583 506.9225 L
	352.2749 498.2817 l
	368.8924 474.2788 l
	288.8583 367.8529 L
	h
}

"Shape 9"
{
	380.5861 538.8073 m
	279.3994 538.8073 197.2739 456.6818 197.2739 355.4951 C
	197.1791 538.9021 L
	380.5861 538.8073 L
	h
}

"Sign 1"
{
	225.5304 497.2218 m
	298.0728 497.2212 298.0728 497.2218 v
	298.0728 497.2224 349.3678 445.9268 y
	349.3678 373.3852 l
	298.0733 322.0906 l
	225.5321 322.0906 l
	174.2378 373.3849 l
	174.2378 445.9258 l
	225.5304 497.2218 l
	h
}

"Skull"
{
	346.9273 227.3065 m
	348.4209 226.7821 348.4209 224.9431 347.8511 223.2301 c
	346.8399 220.1901 345.9945 210.1675 345.86 203.6937 c
	345.7255 197.2198 347.3481 192.9138 341.8344 189.1448 c
	331.6417 182.1774 317.8682 176.3804 314.6027 174.3554 c
	311.3372 172.3304 306.4961 172.4439 304.724 172.5709 c
	303.1354 172.6847 301.373 172.3016 296 175 c
	287.7179 179.1593 271.9462 184.2315 268.695 188.7958 c
	265.4438 193.3601 262.4474 195.0593 262.2415 198.6935 c
	262.0355 202.3277 264.4649 204.2079 264.7363 207.5273 c
	265.0077 210.8468 262.4833 221.8386 264 226 c
	264.8994 228.4679 265.8604 229.8612 268.1384 228.1684 c
	270.4165 226.4756 269.0953 224.3438 270 219 c
	270.9047 213.6562 271.6622 208.8697 273.2358 205.3145 c
	274.2477 203.0283 275.4737 202.262 276 203 c
	276.7351 204.0308 274.0843 209.971 275 212 c
	275.5503 213.2194 278.3918 212.6104 278.8697 211.9854 c
	279.8376 210.7198 277.9257 204.0244 279 203 c
	280.3509 201.7118 282.7935 202.8112 283 203 c
	283.3661 203.3347 282.7531 208.1621 283 209 c
	283.1316 209.4465 286.4668 210.0133 287 209 c
	287.8212 207.4392 288.8065 203.7179 290 203 c
	291.4882 202.1048 291.8715 204.714 292.099 205.5163 c
	292.2337 205.9913 294.4508 206.2669 296.0139 206.0264 c
	297.577 205.7859 298.019 200.375 299 200 c
	299.981 199.625 302.519 199.2786 303 200 c
	303.481 200.7214 303.0191 204.8411 304 205 c
	304.9809 205.1589 308.1923 203.3173 309 203 c
	309.8077 202.6827 310.6157 198.302 311.5776 198.4222 c
	312.5396 198.5425 313.1393 198.4179 314 199 c
	314.8607 199.5821 315.8682 204.6746 317 205 c
	318.1318 205.3254 319.322 205.2643 320 205 c
	320.678 204.7357 322.2408 202.7508 323 203 c
	323.7592 203.2492 324.8468 203.2299 y
	324.284 205.5569 325 206 v
	325.9459 206.5854 327.6393 207.7214 328 207 c
	328.3607 206.2786 329.6855 199.596 331.0081 200.024 c
	332.3307 200.452 333.5602 202.6048 334 203 c
	334.6284 203.5646 332.0231 208.9284 333 210 c
	333.9274 211.0173 336.1609 211.3038 337 211 c
	337.7644 210.7233 337.4635 209.5414 338.2802 209.7728 c
	339.1612 210.0224 342.6774 223.4369 344 225 c
	345.3226 226.5631 346.3159 227.5211 346.9273 227.3065 c
	h

	368.5619 267.1732 m
	366.7669 254.2131 369 250 v
	371.2331 245.7869 368.2712 243.4941 368 241 c
	367.7288 238.5059 361 235 359.2877 234.9993 c
	357.5755 234.9986 349.4282 234.4029 345.2151 234.1624 c
	341.002 233.9219 340.1279 228.8707 338.3906 227.2796 c
	336.9271 225.9393 330.3542 223.8846 329.912 223.1284 c
	329.4945 222.4145 329.7912 214.6784 329 214 c
	328.2685 213.3727 326.9658 213.6792 326 214 c
	325.051 214.3152 323.5189 219.9347 323 220 c
	322.4811 220.0653 319.8521 219.5741 319 219 c
	318.154 218.43 319.0031 212.3945 319 211 c
	318.9969 209.6055 316.0577 209.8365 314 210 c
	313.0201 210.0779 313 215 y
	310 215 l
	308 210 l
	303 211 l
	302 216 l
	298.6008 216.7994 298 216 v
	297.4651 215.2884 297 214 y
	293 213 291.9976 215.0397 v
	290.9952 217.0795 292.313 226.0502 292 227 c
	291.7183 227.8549 289.3851 227.9228 289 227 c
	288.6533 226.1692 290 224 289.2655 222.1915 c
	288.531 220.3831 287 218 y
	283.178 217.394 282 219 v
	280.822 220.606 280.0077 223.3186 280 225 c
	279.9946 226.1692 278.3831 225.8468 y
	278.0785 223.8621 278 223 v
	277.9257 222.1846 275.5762 222.1251 275 224 c
	274.4237 225.8749 275.4048 230.3928 273 234 c
	270.5952 237.6071 267 238 263 239 c
	259 240 257 237 255 237 c
	253 237 252 239 249 241 c
	246 243 248.8285 250.12 249 254 c
	249.7097 270.0569 237.6071 281.4071 234 298 c
	230.3928 314.5929 231.9233 323.0318 239 340 c
	244.2873 352.6774 250.2822 354.1891 257.6814 359.1477 c
	265.3628 364.2955 269.5898 366.4775 280.2958 370.1377 c
	291.0018 373.7978 303.307 376.0881 330 372 c
	356.6929 367.9119 363.6925 351.9822 365 350 c
	376.5935 332.4235 379 313 379.5408 306.0554 c
	380.0815 299.1108 380.5339 294.4536 379 291 c
	377.4661 287.5464 368.5619 267.1732 Y
	h

	357.8232 269.7802 m
	359 275 358 278 v
	357 281 358.0133 282.6138 358 287 c
	357.9867 291.3862 353.2758 289.5876 347.0478 291.487 c
	340.8198 293.3864 334.8335 293.468 330.721 290.8471 c
	326.6084 288.2263 322 288.5 319.0013 285.7971 c
	316.0026 283.0942 316.2025 283.1275 318 277.5 c
	319.7975 271.8725 327.7132 267.4637 330 265 c
	332.2868 262.5363 337.9891 262.2285 341.2519 262.4762 c
	349.0396 263.0674 357.8232 269.7802 Y
	h

	298 259 m
	296.9565 258.2316 297.0042 253.9969 295.9893 249.9088 c
	294.9745 245.8206 298 247 301.3328 245.0272 c
	304.6655 243.0545 305 246 307 247 c
	309 248 306.2227 251.4085 308.5715 254.9344 c
	309.5719 256.4362 310.4914 255.1336 311 252 c
	311.4013 249.5275 312.138 248.7608 313 248 c
	313.862 247.2391 316.3666 246.4442 319 246 c
	321.6334 245.5558 321.2794 246.2887 322.5192 250.8463 c
	323.7589 255.4039 320.8094 257.7751 318 261 c
	315.1906 264.2249 313.6596 266.5642 312 270 c
	310.3404 273.4358 310 274 308 274 c
	306 274 305.481 274.1262 305 271 c
	304.519 267.8738 299.0435 259.7684 298 259 c
	h

	271.0823 267.3785 m
	276.5878 267.1198 275.3823 264.1427 287 265 c
	289.0158 265.1488 292.4525 267.503 294.7774 273.4756 c
	296.074 276.8067 300.9429 278.9077 299.5 281.3125 c
	298.0571 283.7173 298.2439 288.7883 292.8006 291.8245 C
	291.2714 292.2745 285.0323 294.0909 275.1616 294.9473 c
	271.8656 295.2333 266.1826 295.2061 259.8851 292.6049 c
	253.4296 289.9385 257.4073 282.2159 258.86 277.856 c
	260.8098 272.004 259.3647 267.118 Y
	263.6886 264.2771 265.5703 267.6374 271.0823 267.3785 c
	h
}

"Star 1"
{
	251 353 m
	163 420 L
	273 420 L
	306 523 L
	341 420 L
	451 420 L
	362 353 L
	396 250 L
	306 313 L
	218 250 L
	251 353 L
	h
}

"Star 2"
{
	336.5297 430.5133 m
	434.643 451.3367 L
	367.5936 376.7788 L
	434.6832 302.2218 L
	336.5897 323.0094 L
	305.5662 227.6298 L
	274.5222 322.9748 L
	176.4095 302.1524 L
	243.4587 376.7096 L
	176.3698 451.2664 L
	274.4626 430.4786 L
	305.4862 525.8575 L
	336.5297 430.5133 L
	h
}

"Star 3"
{
	342.2834 450.4121 m
	434.643 450.5512 L
	378.997 376.5884 L
	434.6832 301.4363 L
	342.3544 302.4312 L
	305.5662 226.8442 L
	268.9987 302.3839 L
	176.4095 301.3668 L
	232.2857 376.4935 L
	176.3698 450.4808 L
	268.9282 450.3645 L
	305.4862 525.0719 L
	342.2834 450.4121 L
	h
}

"Star 4"
{
	431.9932 375.1612 m
	362.7879 351.4217 L
	394.937 285.6999 l
	329.2151 317.849 L
	305.4757 248.6439 l
	281.7362 317.8491 L
	216.0146 285.7001 l
	248.1637 351.4218 L
	178.9587 375.1612 l
	248.1637 398.9006 L
	216.0148 464.6221 l
	281.7363 432.473 L
	305.4757 501.6779 l
	329.2151 432.4732 L
	394.9371 464.6227 l
	362.7879 398.9007 L
	431.9932 375.1612 l
	h
}

"Treble Clef"
{
	302.6139 418.8617 m
	301.318 424.1892 300.878 429.7322 300.878 435.2036 c
	300.878 441.7549 303.9017 455.1454 310.7409 457.6651 c
	313.6926 458.817 319.164 444.3466 319.02 436.3555 c
	318.8806 426.5977 313.8908 416.5693 307.2133 409.6464 C
	309.6611 397.5518 l
	310.5969 397.6957 311.5328 397.7677 312.4687 397.7677 c
	321.6117 397.8397 328.019 389.6327 327.947 380.3457 c
	327.947 372.6425 323.3395 366.9551 316.5003 363.6435 c
	319.38 349.0291 L
	319.596 347.8053 319.596 346.7254 319.596 345.7175 c
	319.596 338.3743 314.9885 333.6228 307.3573 332.8309 c
	301.382 332.183 294.5427 336.2866 293.8948 342.7658 c
	293.4629 347.0853 296.4145 351.5489 300.5901 352.0528 c
	304.4056 352.4847 307.8613 349.1011 308.0052 345.1416 c
	308.2212 339.5982 302.7498 337.7984 300.6621 338.3023 c
	300.878 335.8546 305.1256 334.9187 307.1413 335.1347 c
	313.8366 335.9266 317.0043 340.0301 317.2202 345.8615 c
	317.2202 347.4453 317.0762 349.3171 316.6443 351.1169 c
	314.1966 362.6356 L
	311.8928 361.9877 309.6611 361.6997 307.5013 361.6997 c
	295.1187 361.6997 285.0398 372.2106 284.0319 385.8171 c
	282.9809 399.4802 294.0113 410.0933 302.6139 418.8617 C
	h

	304.8928 420.906 m
	310.352 425.9174 316.3426 434.6556 316.0684 442.4028 c
	315.9964 444.7065 314.6285 447.0103 312.1088 447.0103 c
	306.0615 445.7864 303.9017 435.4196 303.7577 430.2362 c
	303.7577 427.2125 304.1728 423.8577 304.8928 420.906 C
	h

	316.0384 365.8127 m
	320.358 368.1165 323.3395 372.7145 323.1236 377.8979 c
	322.6196 384.5212 317.7242 389.3447 311.3169 389.2727 C
	316.0384 365.8127 L
	h

	313.7622 364.9654 m
	309.0131 388.9847 l
	304.9816 387.7609 301.526 383.5853 301.598 379.1218 c
	301.598 375.3062 304.1177 372.8585 307.2853 371.3467 c
	307.6453 371.2027 307.7893 370.9147 307.7893 370.6267 c
	307.7893 370.1948 307.2853 369.8348 306.7814 369.9068 c
	301.31 371.7786 297.4224 377.106 297.4944 383.1534 c
	297.4944 389.0567 302.1739 395.0321 307.4293 396.9758 c
	304.9272 407.5454 L
	297.5039 400.915 289.213 392.6531 289.1433 381.8575 c
	289.1433 370.6267 298.6463 363.7155 308.9411 364.1475 c
	310.5969 364.2195 312.1784 364.4614 313.7622 364.9654 C
	h
}

"Triangle"
{
	261.9562 554.4881 m
	361.3986 371.3432 L
	162.5139 371.3432 L
	261.9562 554.4881 L
	h
}

