1 4 6 0
9 6 5 5 5 4 
0 20 40 60 80 100 
0 10 22 34 47 60 73 86 100 
0 20 40 60 80 100 
0 25 50 75 100 
0 25 50 75 100 
0 25 50 75 100 
0 33 66 100 
96.830000 	 0.460000 	 -0.110000
90.640000 	 10.440000 	 -2.620000
83.220000 	 22.520000 	 -4.830000
76.910000 	 32.140000 	 -5.670000
70.650000 	 42.280000 	 -5.750000
62.760000 	 55.450000 	 -4.970000
57.040000 	 63.120000 	 -1.990000
51.750000 	 68.050000 	 3.170000
47.730000 	 69.320000 	 8.510000
92.010000 	 -5.510000 	 -5.920000
86.270000 	 3.950000 	 -8.090000
79.030000 	 15.470000 	 -10.290000
72.690000 	 24.420000 	 -11.340000
65.900000 	 33.710000 	 -12.060000
57.860000 	 43.900000 	 -12.300000
51.580000 	 50.990000 	 -10.810000
45.960000 	 53.980000 	 -6.900000
41.640000 	 54.920000 	 -2.200000
85.750000 	 -12.600000 	 -13.430000
80.480000 	 -3.690000 	 -15.240000
74.120000 	 7.020000 	 -16.540000
67.990000 	 15.340000 	 -17.640000
61.250000 	 22.690000 	 -18.510000
53.140000 	 32.420000 	 -19.600000
46.360000 	 39.070000 	 -18.940000
40.750000 	 42.570000 	 -15.100000
36.370000 	 43.500000 	 -10.120000
80.080000 	 -18.110000 	 -19.820000
75.250000 	 -9.540000 	 -21.070000
69.450000 	 0.620000 	 -21.850000
63.470000 	 8.420000 	 -22.710000
57.700000 	 15.960000 	 -22.980000
49.510000 	 25.290000 	 -24.210000
43.070000 	 31.160000 	 -23.630000
37.110000 	 34.990000 	 -20.120000
33.540000 	 36.060000 	 -14.970000
74.550000 	 -22.500000 	 -26.000000
70.290000 	 -14.150000 	 -26.650000
64.530000 	 -4.520000 	 -27.360000
59.130000 	 3.060000 	 -27.680000
53.010000 	 11.320000 	 -28.310000
46.270000 	 19.980000 	 -28.440000
39.730000 	 25.900000 	 -27.920000
34.390000 	 29.990000 	 -24.640000
30.770000 	 31.290000 	 -19.150000
68.000000 	 -27.520000 	 -33.240000
64.140000 	 -20.340000 	 -33.720000
59.480000 	 -11.030000 	 -33.100000
54.620000 	 -2.990000 	 -32.870000
49.050000 	 5.020000 	 -32.990000
43.250000 	 14.370000 	 -32.540000
37.920000 	 20.720000 	 -30.920000
32.480000 	 24.280000 	 -26.970000
27.930000 	 25.820000 	 -22.640000
61.770000 	 -29.270000 	 -38.910000
59.280000 	 -22.960000 	 -38.060000
54.740000 	 -14.830000 	 -37.670000
50.650000 	 -7.580000 	 -36.890000
46.020000 	 0.090000 	 -36.000000
40.200000 	 10.070000 	 -35.770000
35.360000 	 15.910000 	 -33.170000
31.060000 	 20.420000 	 -29.600000
26.490000 	 21.660000 	 -24.640000
55.740000 	 -28.340000 	 -42.420000
53.920000 	 -23.320000 	 -41.690000
50.210000 	 -15.790000 	 -40.800000
46.330000 	 -8.880000 	 -40.100000
42.120000 	 -2.070000 	 -38.940000
37.700000 	 6.470000 	 -37.880000
33.070000 	 12.980000 	 -35.510000
28.550000 	 17.210000 	 -31.850000
24.200000 	 18.470000 	 -26.150000
50.820000 	 -25.510000 	 -45.070000
48.610000 	 -21.100000 	 -44.490000
45.470000 	 -14.930000 	 -43.260000
42.400000 	 -8.490000 	 -42.150000
38.580000 	 -2.300000 	 -41.090000
34.950000 	 5.510000 	 -39.570000
30.790000 	 11.500000 	 -36.940000
26.570000 	 15.490000 	 -33.090000
22.570000 	 15.930000 	 -27.050000
96.380000 	 -1.760000 	 8.710000
90.160000 	 8.770000 	 5.230000
82.690000 	 21.360000 	 1.850000
76.650000 	 31.240000 	 -0.210000
70.030000 	 41.850000 	 -1.030000
62.840000 	 54.020000 	 -1.430000
56.820000 	 62.880000 	 0.510000
51.580000 	 67.670000 	 5.350000
47.570000 	 69.140000 	 10.350000
91.430000 	 -8.030000 	 2.630000
85.770000 	 1.710000 	 -0.400000
78.390000 	 13.960000 	 -3.660000
71.850000 	 23.680000 	 -6.180000
65.430000 	 32.590000 	 -7.430000
57.310000 	 42.780000 	 -9.210000
50.740000 	 50.290000 	 -8.060000
45.520000 	 53.190000 	 -5.080000
41.700000 	 54.570000 	 -0.650000
85.140000 	 -15.880000 	 -5.440000
79.940000 	 -6.540000 	 -7.800000
73.140000 	 4.760000 	 -10.400000
66.640000 	 13.580000 	 -13.110000
59.940000 	 22.420000 	 -14.700000
52.410000 	 31.630000 	 -16.690000
45.680000 	 38.280000 	 -16.360000
40.140000 	 42.160000 	 -12.760000
35.860000 	 42.860000 	 -7.860000
79.680000 	 -21.440000 	 -12.060000
74.600000 	 -12.930000 	 -14.260000
68.560000 	 -2.300000 	 -16.120000
62.750000 	 6.480000 	 -18.070000
56.230000 	 14.580000 	 -19.730000
49.100000 	 24.100000 	 -21.040000
42.720000 	 29.910000 	 -20.760000
37.410000 	 34.370000 	 -17.930000
33.250000 	 36.410000 	 -13.520000
74.110000 	 -26.220000 	 -18.520000
69.690000 	 -18.020000 	 -20.140000
64.100000 	 -7.810000 	 -21.370000
58.860000 	 0.700000 	 -22.760000
53.090000 	 8.610000 	 -23.550000
45.900000 	 18.130000 	 -25.150000
39.560000 	 24.420000 	 -24.890000
34.420000 	 29.160000 	 -21.980000
30.360000 	 30.330000 	 -17.080000
67.380000 	 -31.190000 	 -26.100000
64.020000 	 -23.930000 	 -26.890000
58.970000 	 -14.320000 	 -27.290000
54.480000 	 -6.030000 	 -27.770000
49.230000 	 2.360000 	 -28.480000
43.080000 	 12.050000 	 -28.770000
37.930000 	 18.920000 	 -27.650000
31.910000 	 23.520000 	 -25.220000
28.190000 	 25.140000 	 -20.200000
62.010000 	 -32.910000 	 -31.560000
58.730000 	 -26.540000 	 -32.240000
54.180000 	 -17.970000 	 -32.790000
49.790000 	 -9.890000 	 -32.970000
45.440000 	 -2.200000 	 -32.890000
39.710000 	 8.060000 	 -32.320000
35.090000 	 14.720000 	 -30.850000
30.920000 	 19.990000 	 -27.520000
26.700000 	 21.400000 	 -22.450000
56.160000 	 -32.620000 	 -36.690000
53.280000 	 -26.770000 	 -36.300000
49.690000 	 -18.990000 	 -36.010000
46.280000 	 -12.030000 	 -35.720000
41.640000 	 -3.740000 	 -35.640000
37.250000 	 4.920000 	 -34.500000
32.520000 	 11.440000 	 -33.110000
28.250000 	 16.690000 	 -29.810000
24.420000 	 17.670000 	 -24.460000
50.650000 	 -29.480000 	 -39.250000
48.600000 	 -24.770000 	 -38.980000
45.710000 	 -18.470000 	 -38.160000
42.460000 	 -12.020000 	 -37.880000
38.140000 	 -4.800000 	 -37.540000
34.900000 	 2.770000 	 -35.650000
30.770000 	 8.970000 	 -34.040000
26.820000 	 13.790000 	 -30.330000
23.200000 	 14.880000 	 -25.170000
95.900000 	 -4.480000 	 20.580000
89.360000 	 7.260000 	 15.940000
82.000000 	 20.160000 	 10.880000
75.690000 	 30.550000 	 8.610000
69.000000 	 41.780000 	 5.790000
62.550000 	 52.730000 	 4.320000
56.280000 	 61.310000 	 5.950000
51.490000 	 66.590000 	 8.910000
48.180000 	 68.460000 	 12.750000
90.780000 	 -12.120000 	 13.840000
84.800000 	 -0.870000 	 9.820000
77.480000 	 11.710000 	 5.190000
70.960000 	 21.680000 	 2.150000
64.700000 	 31.120000 	 -0.540000
57.210000 	 41.790000 	 -2.630000
50.560000 	 49.070000 	 -3.210000
45.590000 	 52.580000 	 -1.000000
41.380000 	 53.980000 	 2.860000
84.220000 	 -20.610000 	 5.390000
78.820000 	 -9.980000 	 2.110000
72.210000 	 1.970000 	 -1.930000
66.100000 	 10.810000 	 -4.720000
59.780000 	 19.720000 	 -7.870000
51.950000 	 30.130000 	 -10.470000
45.620000 	 36.820000 	 -11.010000
39.910000 	 40.790000 	 -8.620000
36.400000 	 41.920000 	 -5.420000
78.390000 	 -26.500000 	 -1.730000
73.640000 	 -17.180000 	 -4.590000
67.730000 	 -5.490000 	 -7.800000
62.070000 	 3.500000 	 -9.730000
55.770000 	 12.160000 	 -12.870000
48.710000 	 22.010000 	 -14.870000
42.410000 	 28.510000 	 -15.790000
37.390000 	 33.240000 	 -13.860000
33.120000 	 35.420000 	 -10.070000
73.250000 	 -31.040000 	 -7.480000
68.810000 	 -21.940000 	 -10.300000
63.350000 	 -11.460000 	 -12.890000
58.090000 	 -2.670000 	 -14.690000
51.830000 	 5.860000 	 -17.740000
45.200000 	 15.640000 	 -19.150000
39.660000 	 22.430000 	 -19.700000
34.200000 	 26.950000 	 -17.590000
29.810000 	 28.400000 	 -13.910000
66.850000 	 -36.590000 	 -16.090000
62.930000 	 -28.710000 	 -17.770000
58.530000 	 -18.200000 	 -19.000000
53.530000 	 -9.920000 	 -20.430000
48.540000 	 -0.480000 	 -22.110000
43.060000 	 9.610000 	 -22.290000
37.460000 	 16.750000 	 -22.910000
31.750000 	 21.820000 	 -21.050000
28.090000 	 24.070000 	 -17.440000
61.110000 	 -38.090000 	 -22.660000
57.990000 	 -31.180000 	 -23.440000
53.370000 	 -22.730000 	 -25.270000
49.450000 	 -14.320000 	 -25.540000
45.030000 	 -5.300000 	 -26.400000
39.980000 	 4.520000 	 -26.450000
35.570000 	 11.860000 	 -25.380000
30.730000 	 17.500000 	 -23.480000
26.300000 	 19.830000 	 -18.900000
55.840000 	 -37.600000 	 -27.040000
52.680000 	 -31.520000 	 -27.730000
49.160000 	 -23.510000 	 -28.540000
45.790000 	 -16.260000 	 -28.800000
41.430000 	 -7.390000 	 -28.960000
36.600000 	 0.920000 	 -29.310000
32.380000 	 8.260000 	 -27.800000
27.850000 	 13.920000 	 -24.910000
24.390000 	 15.850000 	 -20.970000
49.980000 	 -34.610000 	 -31.140000
48.200000 	 -29.570000 	 -30.840000
45.000000 	 -22.720000 	 -31.050000
41.230000 	 -16.380000 	 -31.100000
38.150000 	 -8.710000 	 -30.730000
34.350000 	 -0.380000 	 -29.830000
29.830000 	 5.920000 	 -29.170000
26.180000 	 11.050000 	 -26.110000
22.710000 	 12.900000 	 -21.960000
95.640000 	 -6.550000 	 32.690000
88.740000 	 6.310000 	 26.500000
81.060000 	 20.130000 	 19.650000
74.980000 	 30.510000 	 15.850000
68.720000 	 41.160000 	 12.600000
61.800000 	 53.360000 	 10.330000
56.170000 	 61.110000 	 10.840000
51.420000 	 66.480000 	 13.300000
47.240000 	 68.560000 	 17.080000
90.270000 	 -14.710000 	 25.140000
83.810000 	 -2.830000 	 19.670000
76.330000 	 10.280000 	 13.200000
70.180000 	 20.550000 	 9.310000
63.750000 	 30.870000 	 5.470000
56.530000 	 40.290000 	 2.480000
50.590000 	 47.720000 	 1.810000
45.510000 	 51.990000 	 3.310000
41.130000 	 53.720000 	 6.270000
83.080000 	 -24.740000 	 14.820000
77.470000 	 -13.160000 	 10.900000
70.880000 	 -0.360000 	 5.760000
65.050000 	 9.470000 	 2.400000
58.540000 	 18.800000 	 -1.420000
51.380000 	 29.010000 	 -4.590000
45.340000 	 35.740000 	 -5.530000
40.050000 	 39.960000 	 -4.360000
36.030000 	 41.810000 	 -1.500000
77.560000 	 -30.980000 	 8.120000
72.260000 	 -20.910000 	 4.280000
66.510000 	 -7.990000 	 -0.040000
60.890000 	 1.350000 	 -3.270000
54.890000 	 9.850000 	 -6.800000
48.380000 	 19.940000 	 -9.060000
41.880000 	 27.510000 	 -11.110000
37.110000 	 32.020000 	 -9.930000
33.260000 	 34.490000 	 -6.890000
72.250000 	 -35.470000 	 1.850000
67.240000 	 -26.390000 	 -1.720000
62.190000 	 -14.560000 	 -5.060000
57.060000 	 -5.230000 	 -8.000000
51.360000 	 3.940000 	 -11.050000
45.000000 	 13.600000 	 -13.570000
39.190000 	 20.690000 	 -15.090000
34.250000 	 25.110000 	 -13.590000
29.950000 	 27.190000 	 -10.540000
66.320000 	 -40.830000 	 -6.260000
62.570000 	 -31.970000 	 -8.470000
57.320000 	 -21.080000 	 -11.410000
53.130000 	 -12.190000 	 -13.450000
47.700000 	 -2.550000 	 -15.670000
42.090000 	 7.080000 	 -17.360000
36.790000 	 14.460000 	 -18.200000
31.820000 	 20.510000 	 -17.070000
28.030000 	 22.760000 	 -13.430000
60.510000 	 -42.900000 	 -13.170000
57.050000 	 -35.250000 	 -14.920000
52.730000 	 -25.960000 	 -17.250000
48.940000 	 -16.750000 	 -17.820000
44.080000 	 -7.570000 	 -19.940000
39.200000 	 2.470000 	 -21.080000
34.340000 	 10.150000 	 -20.850000
30.030000 	 15.720000 	 -19.120000
25.990000 	 18.310000 	 -15.870000
54.940000 	 -42.630000 	 -18.690000
52.100000 	 -35.880000 	 -19.580000
48.330000 	 -27.460000 	 -21.450000
44.820000 	 -19.600000 	 -22.290000
40.860000 	 -10.770000 	 -23.210000
36.400000 	 -0.610000 	 -23.390000
32.080000 	 5.870000 	 -22.840000
27.680000 	 11.640000 	 -21.180000
24.200000 	 13.670000 	 -17.540000
49.560000 	 -39.970000 	 -22.680000
48.320000 	 -35.090000 	 -22.320000
44.480000 	 -27.280000 	 -23.740000
41.210000 	 -19.840000 	 -24.870000
37.860000 	 -11.930000 	 -25.160000
33.690000 	 -4.140000 	 -24.730000
30.130000 	 3.340000 	 -24.110000
25.820000 	 8.740000 	 -22.030000
22.670000 	 10.900000 	 -18.780000
95.130000 	 -8.100000 	 44.370000
87.390000 	 7.090000 	 35.360000
79.520000 	 21.420000 	 28.610000
73.850000 	 31.440000 	 23.600000
67.740000 	 41.690000 	 19.550000
61.150000 	 52.950000 	 16.830000
55.870000 	 60.650000 	 16.540000
51.650000 	 65.370000 	 17.810000
47.470000 	 67.840000 	 20.420000
88.950000 	 -18.450000 	 35.150000
81.700000 	 -4.450000 	 28.040000
74.360000 	 10.500000 	 21.400000
68.510000 	 21.090000 	 16.890000
62.910000 	 29.890000 	 12.910000
56.090000 	 40.100000 	 9.090000
50.020000 	 47.350000 	 7.400000
45.180000 	 51.470000 	 8.210000
41.590000 	 53.580000 	 10.140000
81.680000 	 -29.300000 	 24.620000
75.380000 	 -16.230000 	 19.020000
68.670000 	 -2.150000 	 13.080000
63.290000 	 7.450000 	 9.230000
57.880000 	 17.110000 	 5.380000
50.700000 	 28.180000 	 1.240000
44.950000 	 34.520000 	 -0.870000
39.650000 	 38.800000 	 -0.440000
36.520000 	 41.350000 	 2.310000
75.870000 	 -36.190000 	 16.860000
70.440000 	 -24.030000 	 12.090000
64.600000 	 -11.170000 	 7.110000
59.530000 	 -1.040000 	 3.520000
53.840000 	 7.900000 	 -0.620000
47.440000 	 18.650000 	 -3.450000
41.700000 	 25.960000 	 -5.620000
36.740000 	 30.870000 	 -5.290000
33.150000 	 33.420000 	 -2.850000
70.980000 	 -41.060000 	 11.510000
65.660000 	 -29.390000 	 6.680000
59.960000 	 -17.380000 	 2.230000
55.100000 	 -7.910000 	 -0.870000
49.960000 	 1.520000 	 -4.380000
43.870000 	 12.120000 	 -7.630000
38.590000 	 19.000000 	 -9.340000
33.940000 	 24.270000 	 -9.160000
30.780000 	 27.400000 	 -6.410000
64.930000 	 -46.350000 	 3.270000
60.820000 	 -35.740000 	 -0.470000
55.970000 	 -24.220000 	 -4.250000
51.160000 	 -15.010000 	 -6.690000
46.830000 	 -5.160000 	 -9.630000
41.300000 	 4.670000 	 -11.620000
36.150000 	 12.760000 	 -13.100000
31.500000 	 18.750000 	 -12.110000
27.590000 	 20.810000 	 -10.020000
59.430000 	 -47.830000 	 -3.710000
55.700000 	 -39.080000 	 -6.640000
51.610000 	 -28.310000 	 -9.420000
47.510000 	 -20.150000 	 -11.440000
43.630000 	 -10.530000 	 -13.980000
38.730000 	 -0.400000 	 -15.200000
33.980000 	 7.970000 	 -15.140000
30.000000 	 13.930000 	 -14.580000
26.630000 	 16.940000 	 -12.280000
54.480000 	 -47.090000 	 -9.250000
51.590000 	 -39.380000 	 -11.060000
47.330000 	 -30.150000 	 -13.560000
44.230000 	 -22.530000 	 -15.030000
40.100000 	 -13.510000 	 -16.840000
35.470000 	 -4.420000 	 -18.180000
32.140000 	 3.350000 	 -17.430000
27.830000 	 9.430000 	 -16.600000
24.810000 	 12.500000 	 -14.350000
49.320000 	 -45.100000 	 -13.630000
46.800000 	 -38.590000 	 -14.740000
43.770000 	 -30.250000 	 -16.570000
40.190000 	 -22.850000 	 -17.000000
36.840000 	 -14.670000 	 -18.460000
32.900000 	 -6.460000 	 -18.950000
29.550000 	 0.810000 	 -19.160000
25.670000 	 6.480000 	 -17.920000
22.430000 	 9.110000 	 -15.460000
94.520000 	 -9.270000 	 58.230000
85.550000 	 8.890000 	 46.730000
77.150000 	 24.480000 	 38.220000
71.410000 	 35.050000 	 32.810000
65.690000 	 44.670000 	 28.930000
60.190000 	 54.220000 	 24.650000
55.200000 	 61.100000 	 23.440000
50.970000 	 65.720000 	 23.950000
47.380000 	 67.700000 	 25.470000
87.450000 	 -23.180000 	 47.240000
79.100000 	 -6.600000 	 37.760000
71.720000 	 9.260000 	 29.920000
66.100000 	 20.340000 	 24.540000
60.310000 	 31.020000 	 19.630000
55.070000 	 39.450000 	 15.520000
49.540000 	 46.580000 	 13.590000
45.060000 	 51.010000 	 13.850000
41.190000 	 52.530000 	 14.330000
79.660000 	 -35.780000 	 35.550000
72.680000 	 -20.110000 	 27.750000
65.470000 	 -5.640000 	 20.670000
60.300000 	 6.160000 	 16.140000
55.000000 	 16.250000 	 12.150000
49.180000 	 26.120000 	 7.890000
44.270000 	 33.480000 	 5.780000
39.630000 	 37.960000 	 5.190000
36.160000 	 40.510000 	 7.050000
73.790000 	 -43.250000 	 26.950000
67.420000 	 -28.720000 	 20.310000
60.840000 	 -13.730000 	 14.050000
56.070000 	 -3.470000 	 9.950000
51.420000 	 5.990000 	 6.250000
45.950000 	 17.350000 	 2.850000
40.770000 	 24.530000 	 0.470000
36.520000 	 29.700000 	 0.350000
32.590000 	 32.330000 	 1.610000
68.540000 	 -47.460000 	 20.420000
63.080000 	 -34.350000 	 14.850000
57.280000 	 -20.630000 	 9.480000
52.500000 	 -10.310000 	 5.430000
48.080000 	 -0.200000 	 2.030000
42.830000 	 9.920000 	 -1.280000
37.740000 	 16.670000 	 -3.670000
33.820000 	 22.970000 	 -3.210000
29.730000 	 25.340000 	 -2.550000
63.620000 	 -50.790000 	 12.890000
58.610000 	 -40.080000 	 8.330000
53.770000 	 -26.730000 	 3.900000
48.980000 	 -16.820000 	 0.380000
44.440000 	 -6.970000 	 -3.040000
40.350000 	 2.640000 	 -5.760000
35.190000 	 10.690000 	 -7.050000
30.670000 	 16.430000 	 -7.450000
27.050000 	 19.440000 	 -5.890000
58.600000 	 -53.090000 	 6.420000
54.470000 	 -42.810000 	 3.260000
49.540000 	 -30.930000 	 -1.080000
45.720000 	 -21.220000 	 -3.990000
41.350000 	 -12.490000 	 -6.830000
37.110000 	 -2.280000 	 -8.890000
33.150000 	 5.020000 	 -10.120000
29.160000 	 11.670000 	 -9.580000
25.520000 	 14.930000 	 -8.450000
53.550000 	 -51.860000 	 0.500000
49.590000 	 -43.460000 	 -2.370000
45.550000 	 -33.060000 	 -5.550000
42.400000 	 -24.110000 	 -7.360000
38.480000 	 -15.650000 	 -9.680000
34.430000 	 -6.370000 	 -11.340000
30.630000 	 1.020000 	 -12.170000
26.710000 	 7.420000 	 -11.890000
23.530000 	 10.370000 	 -10.680000
48.840000 	 -49.620000 	 -4.420000
45.480000 	 -42.080000 	 -6.580000
42.690000 	 -33.520000 	 -8.070000
38.780000 	 -25.400000 	 -9.870000
35.510000 	 -17.340000 	 -11.870000
32.050000 	 -9.000000 	 -13.200000
28.830000 	 -1.710000 	 -13.860000
25.020000 	 4.300000 	 -13.510000
21.770000 	 7.130000 	 -12.200000
94.120000 	 -9.290000 	 69.360000
83.920000 	 11.550000 	 56.790000
75.330000 	 27.900000 	 47.370000
69.090000 	 39.390000 	 41.230000
63.890000 	 48.560000 	 37.060000
58.990000 	 56.530000 	 32.720000
54.750000 	 61.430000 	 30.220000
50.560000 	 65.350000 	 29.480000
47.200000 	 67.310000 	 29.920000
85.890000 	 -26.540000 	 56.880000
76.830000 	 -7.830000 	 45.860000
68.480000 	 9.350000 	 37.200000
62.360000 	 21.830000 	 30.920000
57.550000 	 31.880000 	 26.560000
52.720000 	 40.370000 	 22.550000
48.890000 	 46.070000 	 20.080000
44.360000 	 50.140000 	 18.760000
40.840000 	 52.120000 	 18.950000
77.490000 	 -41.710000 	 44.210000
69.420000 	 -23.460000 	 34.740000
61.990000 	 -6.670000 	 27.110000
57.270000 	 5.360000 	 22.060000
51.840000 	 15.960000 	 17.370000
47.180000 	 25.270000 	 13.790000
43.620000 	 32.100000 	 11.390000
39.290000 	 37.720000 	 10.660000
36.640000 	 40.520000 	 11.850000
71.920000 	 -48.810000 	 35.240000
64.840000 	 -32.390000 	 27.110000
57.990000 	 -16.740000 	 19.930000
52.950000 	 -4.800000 	 15.470000
48.290000 	 6.200000 	 11.480000
43.250000 	 16.140000 	 8.170000
39.980000 	 23.040000 	 5.950000
35.340000 	 28.660000 	 5.440000
32.570000 	 31.520000 	 6.000000
66.470000 	 -53.820000 	 28.380000
60.330000 	 -38.500000 	 21.510000
54.500000 	 -23.550000 	 15.000000
49.090000 	 -12.570000 	 10.610000
44.760000 	 -1.780000 	 6.870000
40.190000 	 8.380000 	 3.690000
36.450000 	 15.620000 	 1.570000
32.750000 	 21.500000 	 1.010000
29.740000 	 24.550000 	 1.650000
61.680000 	 -55.940000 	 20.780000
56.560000 	 -43.080000 	 15.670000
50.590000 	 -29.030000 	 9.980000
46.180000 	 -18.340000 	 5.700000
42.100000 	 -7.850000 	 2.880000
37.480000 	 1.840000 	 -0.060000
33.820000 	 8.690000 	 -2.070000
30.420000 	 15.100000 	 -2.790000
27.160000 	 18.450000 	 -2.170000
56.780000 	 -56.680000 	 14.470000
52.890000 	 -45.220000 	 10.200000
47.950000 	 -32.650000 	 5.560000
44.010000 	 -23.080000 	 2.490000
39.430000 	 -12.980000 	 -0.610000
35.320000 	 -3.500000 	 -3.500000
32.190000 	 3.910000 	 -4.640000
28.250000 	 10.230000 	 -5.590000
25.480000 	 13.300000 	 -5.140000
52.100000 	 -55.670000 	 8.750000
48.590000 	 -45.630000 	 4.960000
43.850000 	 -34.970000 	 0.760000
40.460000 	 -25.290000 	 -1.520000
36.680000 	 -16.680000 	 -4.160000
32.900000 	 -6.970000 	 -6.580000
29.440000 	 -0.850000 	 -7.790000
26.210000 	 5.340000 	 -8.360000
23.720000 	 8.590000 	 -7.790000
46.920000 	 -52.360000 	 2.950000
43.600000 	 -44.030000 	 -0.010000
40.570000 	 -34.640000 	 -2.150000
37.080000 	 -26.620000 	 -4.670000
33.920000 	 -18.390000 	 -6.840000
30.780000 	 -10.410000 	 -8.520000
27.650000 	 -3.230000 	 -9.480000
24.520000 	 2.780000 	 -9.960000
21.800000 	 5.360000 	 -9.790000
93.270000 	 -8.310000 	 79.450000
82.230000 	 15.010000 	 65.660000
73.750000 	 31.990000 	 55.470000
67.690000 	 42.770000 	 49.510000
62.330000 	 51.440000 	 44.150000
57.940000 	 58.350000 	 40.400000
54.320000 	 62.340000 	 37.190000
50.460000 	 65.460000 	 35.200000
46.850000 	 67.530000 	 34.710000
84.220000 	 -30.430000 	 64.800000
74.200000 	 -8.200000 	 52.470000
65.560000 	 10.540000 	 43.070000
59.870000 	 21.630000 	 36.610000
55.000000 	 31.600000 	 32.050000
50.710000 	 40.100000 	 28.850000
47.210000 	 45.890000 	 26.370000
44.180000 	 49.810000 	 24.530000
40.650000 	 52.050000 	 24.080000
75.990000 	 -44.500000 	 52.000000
66.950000 	 -25.150000 	 41.350000
59.430000 	 -7.800000 	 32.870000
53.650000 	 5.220000 	 26.920000
49.270000 	 15.710000 	 22.600000
44.890000 	 24.160000 	 19.350000
41.350000 	 31.110000 	 17.060000
38.510000 	 36.660000 	 15.800000
35.100000 	 38.880000 	 15.080000
69.900000 	 -52.350000 	 42.930000
62.600000 	 -34.030000 	 33.460000
54.710000 	 -17.470000 	 25.780000
49.970000 	 -5.310000 	 20.840000
45.310000 	 5.400000 	 16.420000
41.400000 	 14.490000 	 13.510000
38.210000 	 21.580000 	 11.330000
34.780000 	 27.420000 	 9.960000
31.820000 	 30.770000 	 9.900000
64.510000 	 -56.740000 	 35.260000
58.180000 	 -40.610000 	 27.660000
51.060000 	 -24.940000 	 20.790000
46.790000 	 -13.460000 	 15.690000
42.730000 	 -2.260000 	 11.730000
38.480000 	 6.490000 	 8.740000
35.060000 	 13.890000 	 6.920000
31.440000 	 19.710000 	 5.220000
29.290000 	 23.050000 	 4.840000
59.900000 	 -59.540000 	 28.510000
54.290000 	 -44.910000 	 22.160000
48.170000 	 -30.780000 	 16.090000
43.680000 	 -19.350000 	 11.590000
39.720000 	 -8.830000 	 7.560000
35.170000 	 -0.120000 	 4.580000
32.320000 	 7.370000 	 2.720000
28.920000 	 13.310000 	 1.590000
26.650000 	 16.840000 	 1.110000
56.020000 	 -59.250000 	 22.080000
50.740000 	 -47.320000 	 16.960000
45.220000 	 -34.190000 	 11.820000
41.620000 	 -23.740000 	 7.920000
36.790000 	 -14.210000 	 3.920000
32.920000 	 -5.440000 	 1.390000
30.840000 	 1.890000 	 -0.450000
27.150000 	 8.220000 	 -1.680000
25.350000 	 11.970000 	 -1.810000
51.430000 	 -58.450000 	 15.770000
47.440000 	 -47.600000 	 12.040000
41.870000 	 -36.090000 	 7.520000
38.200000 	 -26.440000 	 3.670000
34.720000 	 -17.170000 	 0.610000
31.090000 	 -9.070000 	 -1.740000
28.250000 	 -2.170000 	 -3.290000
25.410000 	 3.860000 	 -4.490000
23.440000 	 6.860000 	 -4.740000
45.620000 	 -54.510000 	 10.100000
42.670000 	 -45.780000 	 7.290000
39.160000 	 -35.740000 	 3.980000
35.660000 	 -26.930000 	 1.070000
31.890000 	 -18.390000 	 -1.990000
28.830000 	 -11.330000 	 -4.070000
25.950000 	 -4.670000 	 -5.870000
23.360000 	 0.580000 	 -7.110000
21.370000 	 3.910000 	 -7.190000
92.640000 	 -7.610000 	 87.680000
81.050000 	 17.710000 	 72.710000
71.760000 	 35.790000 	 62.210000
66.720000 	 45.330000 	 55.580000
61.520000 	 53.620000 	 50.230000
57.260000 	 58.990000 	 46.330000
53.530000 	 63.570000 	 43.160000
49.780000 	 66.450000 	 40.370000
47.270000 	 67.180000 	 37.850000
82.580000 	 -31.760000 	 70.770000
72.610000 	 -8.250000 	 57.810000
63.070000 	 10.730000 	 47.990000
57.660000 	 22.280000 	 41.330000
53.500000 	 31.810000 	 36.920000
49.250000 	 39.590000 	 33.730000
46.760000 	 45.240000 	 30.970000
43.530000 	 49.980000 	 28.970000
40.600000 	 51.580000 	 26.880000
73.920000 	 -46.270000 	 58.070000
65.230000 	 -25.180000 	 46.930000
57.300000 	 -6.760000 	 37.590000
52.230000 	 5.390000 	 31.400000
47.620000 	 15.340000 	 27.040000
44.010000 	 23.780000 	 23.690000
40.730000 	 30.480000 	 21.380000
38.440000 	 35.930000 	 19.470000
35.750000 	 38.700000 	 18.010000
68.590000 	 -53.830000 	 48.770000
60.020000 	 -35.350000 	 39.320000
53.260000 	 -17.890000 	 30.950000
47.880000 	 -5.630000 	 25.280000
43.710000 	 4.720000 	 20.740000
39.910000 	 13.110000 	 17.460000
36.830000 	 20.620000 	 14.970000
33.440000 	 26.120000 	 12.970000
31.250000 	 28.530000 	 11.360000
62.590000 	 -58.390000 	 41.100000
56.870000 	 -41.140000 	 33.200000
49.290000 	 -25.180000 	 25.270000
45.400000 	 -13.030000 	 20.180000
40.300000 	 -3.130000 	 15.970000
36.690000 	 5.660000 	 12.810000
34.350000 	 12.690000 	 10.230000
31.300000 	 18.820000 	 8.400000
28.620000 	 21.540000 	 7.170000
58.330000 	 -60.480000 	 34.430000
51.840000 	 -45.700000 	 27.470000
46.420000 	 -30.740000 	 20.970000
42.320000 	 -19.640000 	 16.100000
38.730000 	 -9.640000 	 11.940000
33.640000 	 -1.440000 	 8.420000
31.650000 	 5.940000 	 6.350000
28.650000 	 11.910000 	 4.280000
26.460000 	 15.230000 	 3.220000
53.160000 	 -60.680000 	 27.700000
49.840000 	 -48.230000 	 22.890000
43.560000 	 -34.070000 	 16.860000
40.060000 	 -23.830000 	 12.430000
35.340000 	 -14.420000 	 8.440000
31.770000 	 -6.170000 	 5.540000
29.060000 	 0.720000 	 2.940000
26.650000 	 6.550000 	 0.820000
23.930000 	 9.770000 	 -0.310000
48.760000 	 -58.780000 	 21.460000
44.520000 	 -48.220000 	 16.650000
40.330000 	 -36.860000 	 11.810000
37.240000 	 -26.880000 	 7.980000
32.270000 	 -17.920000 	 4.320000
30.180000 	 -10.430000 	 1.570000
26.940000 	 -3.810000 	 -0.760000
23.920000 	 1.790000 	 -2.540000
23.990000 	 5.340000 	 -2.940000
44.980000 	 -55.970000 	 15.330000
41.610000 	 -46.690000 	 11.640000
36.720000 	 -35.700000 	 7.640000
33.800000 	 -27.070000 	 4.130000
30.020000 	 -18.710000 	 1.170000
27.920000 	 -12.070000 	 -1.300000
25.140000 	 -6.030000 	 -3.200000
23.260000 	 -0.800000 	 -4.590000
20.980000 	 2.240000 	 -5.090000
80.330000 	 0.170000 	 -1.120000
72.610000 	 12.480000 	 -4.230000
64.110000 	 26.090000 	 -6.020000
54.740000 	 41.890000 	 -6.580000
46.920000 	 52.390000 	 -2.630000
41.880000 	 55.160000 	 2.880000
74.100000 	 -7.480000 	 -8.160000
67.580000 	 3.440000 	 -10.680000
58.750000 	 15.190000 	 -13.090000
48.960000 	 28.070000 	 -14.930000
40.270000 	 36.240000 	 -13.500000
35.140000 	 38.630000 	 -7.790000
67.130000 	 -14.450000 	 -15.780000
60.750000 	 -4.010000 	 -18.150000
53.340000 	 6.790000 	 -19.500000
44.350000 	 18.620000 	 -21.380000
35.990000 	 26.350000 	 -19.830000
30.940000 	 28.930000 	 -13.930000
59.360000 	 -21.530000 	 -24.310000
54.160000 	 -11.830000 	 -25.580000
47.980000 	 -1.080000 	 -25.120000
39.890000 	 11.650000 	 -26.190000
32.450000 	 19.790000 	 -24.300000
27.560000 	 21.830000 	 -17.700000
52.350000 	 -24.100000 	 -30.870000
48.220000 	 -15.970000 	 -31.000000
43.180000 	 -5.950000 	 -30.460000
36.650000 	 6.100000 	 -29.630000
30.550000 	 14.560000 	 -27.180000
25.420000 	 17.280000 	 -21.500000
45.710000 	 -21.770000 	 -34.480000
42.190000 	 -14.420000 	 -34.240000
38.410000 	 -5.950000 	 -32.900000
33.000000 	 4.410000 	 -31.830000
27.420000 	 11.400000 	 -28.810000
23.280000 	 13.760000 	 -22.470000
79.150000 	 -3.000000 	 10.200000
71.340000 	 10.390000 	 5.140000
63.110000 	 23.750000 	 2.070000
54.270000 	 39.290000 	 -0.720000
46.510000 	 50.610000 	 1.250000
41.320000 	 54.200000 	 5.940000
73.200000 	 -11.310000 	 2.640000
66.020000 	 0.980000 	 -1.720000
57.650000 	 12.970000 	 -5.000000
48.630000 	 26.030000 	 -8.710000
39.820000 	 34.890000 	 -8.720000
34.780000 	 37.480000 	 -4.360000
65.910000 	 -19.490000 	 -5.500000
59.640000 	 -7.700000 	 -8.510000
52.420000 	 3.690000 	 -11.250000
43.410000 	 16.340000 	 -15.130000
35.800000 	 24.570000 	 -14.890000
30.330000 	 27.600000 	 -10.870000
58.560000 	 -26.060000 	 -14.820000
53.260000 	 -15.360000 	 -16.810000
47.570000 	 -5.080000 	 -17.930000
40.380000 	 8.270000 	 -19.750000
33.160000 	 17.580000 	 -19.330000
27.660000 	 21.070000 	 -14.750000
52.000000 	 -28.620000 	 -21.560000
47.260000 	 -19.200000 	 -23.110000
42.510000 	 -9.500000 	 -23.350000
35.830000 	 3.610000 	 -24.160000
30.220000 	 11.880000 	 -22.430000
25.340000 	 15.180000 	 -17.500000
45.410000 	 -26.700000 	 -26.300000
42.460000 	 -19.060000 	 -26.700000
38.230000 	 -10.090000 	 -25.810000
33.120000 	 -0.190000 	 -25.820000
27.910000 	 8.420000 	 -23.560000
23.250000 	 11.670000 	 -18.540000
78.430000 	 -6.120000 	 24.930000
70.160000 	 9.560000 	 17.270000
62.000000 	 22.650000 	 11.870000
53.460000 	 38.510000 	 7.340000
46.190000 	 48.490000 	 7.380000
41.060000 	 52.650000 	 10.430000
71.460000 	 -17.060000 	 15.710000
63.630000 	 -1.820000 	 9.420000
55.750000 	 10.550000 	 4.710000
47.370000 	 24.460000 	 -0.750000
39.940000 	 33.110000 	 -1.930000
34.450000 	 36.540000 	 0.750000
64.490000 	 -25.370000 	 6.910000
57.360000 	 -11.170000 	 1.410000
51.040000 	 0.290000 	 -2.250000
42.610000 	 13.460000 	 -7.240000
35.860000 	 21.860000 	 -8.660000
31.220000 	 26.440000 	 -5.780000
57.700000 	 -31.900000 	 -1.810000
52.310000 	 -19.380000 	 -5.860000
46.300000 	 -7.490000 	 -8.690000
39.310000 	 5.950000 	 -11.980000
32.570000 	 14.950000 	 -12.800000
26.990000 	 18.730000 	 -9.790000
50.970000 	 -34.310000 	 -9.690000
46.240000 	 -24.070000 	 -12.270000
41.600000 	 -13.750000 	 -14.230000
35.440000 	 -0.970000 	 -16.440000
29.820000 	 9.130000 	 -15.810000
25.320000 	 13.210000 	 -12.680000
44.530000 	 -32.470000 	 -15.800000
41.610000 	 -24.940000 	 -15.850000
36.850000 	 -14.500000 	 -17.000000
32.400000 	 -4.190000 	 -17.720000
26.770000 	 5.100000 	 -16.690000
22.760000 	 8.860000 	 -13.870000
78.060000 	 -8.270000 	 41.300000
67.630000 	 11.910000 	 29.840000
59.560000 	 25.570000 	 22.580000
52.230000 	 38.430000 	 16.690000
45.560000 	 47.990000 	 15.420000
41.000000 	 51.340000 	 16.610000
69.100000 	 -24.310000 	 28.990000
60.230000 	 -5.420000 	 19.300000
52.670000 	 9.620000 	 12.810000
45.380000 	 23.110000 	 6.910000
38.860000 	 31.290000 	 5.000000
34.460000 	 35.400000 	 6.020000
62.230000 	 -33.350000 	 18.530000
54.500000 	 -15.400000 	 11.090000
48.060000 	 -2.000000 	 5.570000
41.150000 	 11.320000 	 0.680000
34.740000 	 20.050000 	 -1.610000
30.250000 	 24.570000 	 -0.390000
56.330000 	 -38.460000 	 10.670000
49.260000 	 -22.720000 	 4.100000
43.700000 	 -10.000000 	 -0.060000
37.680000 	 2.220000 	 -4.070000
31.420000 	 12.010000 	 -6.200000
26.790000 	 16.760000 	 -4.550000
49.920000 	 -40.160000 	 2.410000
44.600000 	 -27.880000 	 -2.140000
40.090000 	 -15.780000 	 -5.370000
34.380000 	 -3.410000 	 -8.020000
28.790000 	 6.110000 	 -8.610000
24.570000 	 10.850000 	 -7.370000
43.890000 	 -37.820000 	 -3.410000
40.420000 	 -27.940000 	 -5.870000
35.250000 	 -17.010000 	 -8.240000
30.450000 	 -5.900000 	 -10.170000
25.700000 	 2.170000 	 -10.870000
21.950000 	 6.400000 	 -9.680000
77.090000 	 -8.980000 	 56.110000
64.850000 	 15.780000 	 41.520000
56.490000 	 30.380000 	 32.830000
50.000000 	 41.210000 	 26.270000
44.200000 	 47.490000 	 22.810000
39.140000 	 49.580000 	 21.480000
66.830000 	 -30.160000 	 39.940000
56.420000 	 -6.650000 	 28.310000
48.960000 	 9.430000 	 20.250000
43.080000 	 21.610000 	 15.260000
38.200000 	 30.120000 	 12.330000
33.540000 	 34.070000 	 11.580000
59.790000 	 -39.150000 	 28.810000
50.730000 	 -18.960000 	 19.150000
43.750000 	 -3.570000 	 12.190000
38.130000 	 9.400000 	 7.940000
33.410000 	 18.190000 	 5.120000
29.210000 	 22.660000 	 4.740000
53.330000 	 -44.290000 	 20.020000
46.390000 	 -26.170000 	 12.370000
40.030000 	 -11.550000 	 6.760000
34.730000 	 0.830000 	 3.020000
30.260000 	 10.070000 	 0.520000
26.250000 	 14.820000 	 0.220000
47.920000 	 -44.560000 	 13.180000
42.510000 	 -29.350000 	 7.320000
36.810000 	 -16.670000 	 2.320000
31.900000 	 -5.260000 	 -1.150000
26.920000 	 3.920000 	 -3.120000
23.500000 	 8.240000 	 -3.660000
41.890000 	 -40.520000 	 5.210000
37.520000 	 -29.770000 	 2.070000
32.610000 	 -17.510000 	 -1.370000
28.050000 	 -7.630000 	 -4.570000
24.450000 	 0.160000 	 -6.160000
21.260000 	 4.060000 	 -6.530000
75.630000 	 -7.960000 	 65.670000
62.970000 	 18.230000 	 48.670000
54.060000 	 33.080000 	 39.670000
48.550000 	 41.310000 	 33.240000
42.930000 	 46.310000 	 28.400000
38.860000 	 47.450000 	 24.720000
64.960000 	 -31.930000 	 48.030000
53.530000 	 -6.700000 	 34.020000
46.070000 	 9.200000 	 26.200000
40.970000 	 20.650000 	 21.000000
36.420000 	 28.570000 	 17.130000
32.500000 	 31.830000 	 14.310000
57.610000 	 -42.270000 	 36.890000
47.910000 	 -19.680000 	 25.270000
40.910000 	 -3.740000 	 18.160000
36.190000 	 7.740000 	 13.240000
31.200000 	 16.360000 	 9.630000
28.030000 	 20.010000 	 7.190000
51.220000 	 -46.000000 	 28.180000
43.860000 	 -26.810000 	 19.260000
37.840000 	 -11.950000 	 12.850000
32.510000 	 -0.860000 	 7.900000
27.770000 	 7.810000 	 4.550000
25.810000 	 12.660000 	 2.930000
45.890000 	 -45.540000 	 20.200000
39.500000 	 -30.580000 	 13.060000
34.180000 	 -17.050000 	 7.650000
29.640000 	 -6.920000 	 3.520000
25.580000 	 1.730000 	 0.370000
22.810000 	 5.890000 	 -1.320000
39.160000 	 -41.800000 	 12.480000
34.890000 	 -29.220000 	 7.040000
30.360000 	 -18.380000 	 3.120000
26.530000 	 -9.090000 	 -0.760000
22.840000 	 -1.940000 	 -2.980000
20.970000 	 2.160000 	 -4.100000
66.080000 	 -0.050000 	 -1.480000
59.300000 	 11.070000 	 -4.320000
51.860000 	 22.080000 	 -5.970000
42.030000 	 37.120000 	 -5.360000
36.100000 	 41.010000 	 0.020000
60.410000 	 -5.950000 	 -6.820000
54.360000 	 4.350000 	 -9.350000
46.760000 	 14.640000 	 -11.850000
37.480000 	 24.740000 	 -12.770000
31.500000 	 28.290000 	 -7.760000
54.200000 	 -12.190000 	 -13.220000
48.900000 	 -2.870000 	 -14.800000
42.510000 	 7.050000 	 -16.710000
33.550000 	 17.070000 	 -17.680000
28.210000 	 20.600000 	 -12.310000
47.740000 	 -17.290000 	 -19.770000
43.270000 	 -8.940000 	 -20.390000
38.150000 	 0.470000 	 -21.070000
31.480000 	 10.890000 	 -20.390000
26.060000 	 14.980000 	 -15.020000
40.630000 	 -16.270000 	 -24.540000
37.670000 	 -10.050000 	 -24.430000
33.670000 	 -1.430000 	 -24.360000
27.810000 	 7.510000 	 -22.770000
22.870000 	 10.870000 	 -16.800000
64.380000 	 -3.410000 	 9.100000
57.130000 	 8.080000 	 4.410000
50.630000 	 20.350000 	 0.830000
41.710000 	 35.190000 	 -0.220000
35.900000 	 39.850000 	 3.080000
59.400000 	 -10.440000 	 2.510000
52.410000 	 0.720000 	 -1.630000
45.940000 	 11.150000 	 -4.940000
36.910000 	 22.820000 	 -7.610000
30.650000 	 26.720000 	 -4.110000
53.360000 	 -16.180000 	 -4.010000
47.830000 	 -6.130000 	 -6.920000
41.270000 	 4.070000 	 -9.640000
33.430000 	 14.390000 	 -11.950000
27.880000 	 19.080000 	 -8.600000
46.380000 	 -21.300000 	 -11.460000
42.150000 	 -11.760000 	 -12.770000
36.940000 	 -2.590000 	 -14.280000
30.680000 	 8.120000 	 -14.960000
25.420000 	 13.530000 	 -11.380000
39.640000 	 -20.140000 	 -17.490000
37.110000 	 -13.770000 	 -17.960000
33.620000 	 -5.240000 	 -16.610000
28.080000 	 5.000000 	 -16.080000
23.100000 	 8.910000 	 -12.770000
63.500000 	 -6.330000 	 21.190000
55.470000 	 7.950000 	 13.530000
48.380000 	 19.080000 	 8.770000
40.530000 	 32.720000 	 5.530000
35.060000 	 37.650000 	 6.900000
57.370000 	 -15.810000 	 13.330000
50.080000 	 -2.250000 	 7.320000
43.450000 	 9.190000 	 2.830000
35.550000 	 20.880000 	 -1.080000
29.990000 	 25.150000 	 0.720000
51.780000 	 -22.050000 	 5.780000
45.510000 	 -9.410000 	 1.260000
39.390000 	 1.210000 	 -2.320000
32.490000 	 12.170000 	 -5.730000
26.760000 	 16.960000 	 -4.060000
45.460000 	 -25.340000 	 -0.810000
40.690000 	 -14.990000 	 -4.510000
35.970000 	 -4.810000 	 -6.690000
29.760000 	 5.970000 	 -8.660000
24.540000 	 10.950000 	 -6.730000
39.410000 	 -24.550000 	 -6.410000
35.630000 	 -16.520000 	 -8.940000
31.720000 	 -7.910000 	 -10.050000
26.910000 	 1.880000 	 -10.780000
21.990000 	 6.470000 	 -8.710000
62.930000 	 -8.510000 	 37.070000
52.500000 	 10.380000 	 25.310000
45.560000 	 22.570000 	 18.600000
39.250000 	 31.560000 	 13.260000
33.590000 	 34.390000 	 11.910000
55.240000 	 -22.590000 	 25.140000
46.730000 	 -5.000000 	 16.070000
40.480000 	 8.350000 	 10.510000
34.510000 	 18.590000 	 6.480000
28.740000 	 22.630000 	 5.280000
49.020000 	 -28.940000 	 16.990000
42.130000 	 -13.110000 	 9.930000
36.220000 	 -0.890000 	 5.180000
30.660000 	 9.590000 	 1.660000
25.970000 	 14.520000 	 0.960000
43.510000 	 -30.770000 	 9.760000
37.880000 	 -17.590000 	 4.620000
32.990000 	 -6.220000 	 0.580000
28.020000 	 3.400000 	 -2.180000
23.220000 	 8.360000 	 -2.390000
37.690000 	 -28.480000 	 3.430000
33.590000 	 -18.210000 	 -0.370000
29.290000 	 -8.690000 	 -2.910000
25.230000 	 -0.430000 	 -4.730000
21.780000 	 4.200000 	 -4.600000
59.910000 	 -8.530000 	 46.750000
49.570000 	 12.250000 	 32.780000
43.190000 	 22.780000 	 25.070000
36.530000 	 28.590000 	 18.630000
31.550000 	 30.420000 	 14.320000
52.330000 	 -25.370000 	 33.550000
42.900000 	 -5.650000 	 22.700000
37.330000 	 7.510000 	 16.160000
32.280000 	 16.310000 	 11.810000
27.170000 	 19.310000 	 8.160000
46.190000 	 -30.860000 	 24.570000
39.100000 	 -14.440000 	 16.470000
33.650000 	 -1.690000 	 10.560000
28.630000 	 7.290000 	 6.220000
25.010000 	 11.880000 	 3.750000
41.250000 	 -32.180000 	 17.760000
34.150000 	 -18.270000 	 10.630000
29.880000 	 -7.480000 	 5.700000
25.540000 	 0.980000 	 1.930000
22.440000 	 5.630000 	 0.100000
34.580000 	 -28.840000 	 9.720000
30.030000 	 -17.730000 	 4.730000
26.400000 	 -9.170000 	 1.340000
23.370000 	 -2.240000 	 -1.420000
20.490000 	 1.700000 	 -2.840000
51.290000 	 -0.270000 	 -1.140000
46.610000 	 6.050000 	 -3.400000
42.270000 	 12.990000 	 -4.880000
35.930000 	 22.860000 	 -5.220000
31.480000 	 25.960000 	 -2.310000
48.080000 	 -3.370000 	 -3.800000
43.900000 	 2.640000 	 -5.650000
39.300000 	 9.330000 	 -7.260000
33.250000 	 16.760000 	 -8.300000
28.890000 	 19.130000 	 -5.210000
44.200000 	 -6.550000 	 -6.960000
41.110000 	 -0.510000 	 -8.510000
36.650000 	 5.570000 	 -9.820000
31.170000 	 12.420000 	 -11.020000
26.810000 	 14.730000 	 -7.710000
40.010000 	 -9.670000 	 -11.240000
37.390000 	 -4.870000 	 -12.670000
33.900000 	 1.080000 	 -13.360000
30.000000 	 8.440000 	 -12.880000
25.290000 	 11.310000 	 -9.610000
36.470000 	 -9.960000 	 -14.080000
33.440000 	 -5.670000 	 -15.180000
31.370000 	 -0.970000 	 -15.840000
27.320000 	 5.950000 	 -14.960000
22.990000 	 8.670000 	 -11.370000
49.550000 	 -2.650000 	 4.950000
45.570000 	 3.810000 	 2.250000
41.320000 	 10.710000 	 -0.130000
35.040000 	 20.420000 	 -1.380000
30.920000 	 23.940000 	 0.300000
46.220000 	 -6.060000 	 1.560000
42.620000 	 0.410000 	 -1.190000
38.080000 	 7.180000 	 -3.210000
32.170000 	 15.080000 	 -5.040000
28.020000 	 18.190000 	 -3.030000
42.990000 	 -8.930000 	 -1.820000
39.860000 	 -2.890000 	 -3.510000
36.130000 	 2.940000 	 -5.440000
30.510000 	 10.320000 	 -7.310000
26.110000 	 13.460000 	 -5.050000
39.320000 	 -12.060000 	 -5.620000
36.580000 	 -6.410000 	 -7.280000
33.110000 	 -0.020000 	 -8.420000
28.830000 	 6.530000 	 -9.570000
24.690000 	 10.240000 	 -6.990000
35.250000 	 -11.970000 	 -9.250000
32.860000 	 -7.770000 	 -10.830000
30.240000 	 -2.650000 	 -11.120000
26.830000 	 4.270000 	 -11.040000
22.890000 	 7.280000 	 -8.180000
48.360000 	 -4.850000 	 11.360000
44.470000 	 2.400000 	 8.010000
39.430000 	 9.450000 	 4.640000
34.190000 	 18.330000 	 1.990000
29.580000 	 22.810000 	 2.850000
45.010000 	 -8.990000 	 8.770000
41.470000 	 -1.710000 	 5.030000
36.900000 	 5.350000 	 2.020000
31.670000 	 13.210000 	 -0.840000
27.240000 	 16.730000 	 0.190000
41.450000 	 -12.510000 	 4.880000
37.990000 	 -5.930000 	 1.410000
34.030000 	 1.330000 	 -0.770000
29.200000 	 8.610000 	 -3.190000
25.040000 	 11.950000 	 -2.390000
37.770000 	 -14.470000 	 -0.080000
35.010000 	 -8.680000 	 -2.500000
32.120000 	 -2.660000 	 -3.920000
27.870000 	 4.960000 	 -5.060000
24.000000 	 8.190000 	 -3.660000
34.410000 	 -14.270000 	 -3.690000
32.160000 	 -9.170000 	 -4.780000
29.070000 	 -3.900000 	 -6.080000
25.860000 	 2.560000 	 -6.340000
21.580000 	 5.270000 	 -5.600000
47.090000 	 -6.960000 	 22.330000
41.890000 	 3.300000 	 15.980000
36.840000 	 10.500000 	 10.730000
32.530000 	 17.240000 	 7.150000
27.940000 	 19.780000 	 5.890000
43.460000 	 -13.540000 	 16.140000
38.670000 	 -3.680000 	 11.130000
34.700000 	 4.290000 	 7.310000
30.500000 	 11.480000 	 4.140000
25.720000 	 14.480000 	 3.030000
40.020000 	 -16.800000 	 11.410000
36.050000 	 -7.970000 	 7.520000
31.830000 	 -0.190000 	 4.100000
28.060000 	 6.570000 	 1.470000
24.300000 	 9.920000 	 0.830000
36.410000 	 -18.040000 	 6.810000
32.870000 	 -10.170000 	 3.750000
29.380000 	 -3.680000 	 1.110000
26.050000 	 2.970000 	 -0.790000
22.340000 	 6.230000 	 -1.480000
32.310000 	 -16.340000 	 2.460000
29.570000 	 -10.210000 	 0.150000
26.930000 	 -4.120000 	 -1.360000
23.690000 	 0.930000 	 -3.030000
20.700000 	 3.590000 	 -3.100000
44.610000 	 -7.810000 	 27.560000
39.200000 	 3.230000 	 19.960000
34.220000 	 9.690000 	 14.500000
29.490000 	 14.560000 	 10.210000
25.900000 	 16.080000 	 7.240000
40.420000 	 -15.090000 	 21.320000
35.770000 	 -4.450000 	 15.420000
31.240000 	 3.560000 	 10.810000
27.430000 	 9.300000 	 7.260000
24.230000 	 11.200000 	 4.600000
37.290000 	 -18.410000 	 16.540000
32.560000 	 -8.940000 	 11.390000
29.190000 	 -1.250000 	 7.310000
25.900000 	 4.870000 	 4.480000
22.460000 	 6.930000 	 2.080000
34.010000 	 -19.190000 	 12.060000
30.610000 	 -10.890000 	 7.940000
26.850000 	 -4.470000 	 4.420000
23.710000 	 1.150000 	 1.810000
21.310000 	 4.290000 	 0.240000
29.150000 	 -17.070000 	 6.380000
26.710000 	 -10.590000 	 3.550000
24.350000 	 -5.800000 	 1.260000
21.560000 	 -0.570000 	 -0.730000
20.250000 	 1.800000 	 -1.650000
38.790000 	 -0.040000 	 -0.060000
36.360000 	 3.960000 	 -1.540000
33.520000 	 7.460000 	 -2.300000
30.870000 	 11.480000 	 -2.840000
28.200000 	 13.010000 	 -1.310000
37.380000 	 -1.190000 	 -1.250000
34.980000 	 2.460000 	 -2.580000
32.000000 	 5.760000 	 -3.490000
29.990000 	 9.180000 	 -3.710000
26.630000 	 11.310000 	 -2.740000
36.240000 	 -2.030000 	 -2.380000
33.770000 	 1.530000 	 -3.690000
31.190000 	 4.620000 	 -4.520000
28.620000 	 7.680000 	 -4.990000
25.370000 	 9.070000 	 -3.540000
34.340000 	 -3.240000 	 -4.890000
32.020000 	 -0.050000 	 -5.860000
29.880000 	 2.970000 	 -6.690000
27.670000 	 6.290000 	 -6.380000
24.660000 	 7.820000 	 -4.860000
31.400000 	 -3.940000 	 -8.280000
30.070000 	 -0.580000 	 -8.200000
28.210000 	 2.200000 	 -8.040000
25.640000 	 4.950000 	 -8.450000
23.200000 	 6.310000 	 -5.820000
38.150000 	 -1.680000 	 3.890000
34.700000 	 2.430000 	 2.030000
32.390000 	 6.100000 	 0.480000
29.730000 	 10.280000 	 -0.610000
26.840000 	 12.520000 	 -0.090000
35.900000 	 -2.920000 	 2.420000
33.190000 	 0.880000 	 0.740000
30.440000 	 4.260000 	 -0.870000
28.580000 	 7.900000 	 -1.800000
25.390000 	 10.420000 	 -1.170000
34.300000 	 -3.880000 	 0.300000
32.430000 	 -0.310000 	 -0.860000
30.100000 	 3.020000 	 -1.840000
27.700000 	 6.240000 	 -2.810000
24.970000 	 8.220000 	 -1.970000
32.930000 	 -4.820000 	 -1.580000
31.150000 	 -1.350000 	 -2.620000
28.690000 	 1.750000 	 -3.600000
26.810000 	 5.140000 	 -3.900000
23.800000 	 6.620000 	 -3.030000
30.830000 	 -4.880000 	 -4.070000
28.630000 	 -2.530000 	 -5.280000
27.420000 	 0.940000 	 -5.680000
25.080000 	 3.980000 	 -5.570000
22.730000 	 5.500000 	 -4.410000
36.260000 	 -3.000000 	 6.990000
33.420000 	 1.140000 	 4.840000
31.410000 	 4.720000 	 2.980000
29.270000 	 8.550000 	 1.620000
25.840000 	 11.380000 	 1.610000
34.840000 	 -4.390000 	 5.590000
32.570000 	 -0.530000 	 3.480000
30.120000 	 3.290000 	 1.960000
28.120000 	 6.710000 	 0.810000
25.020000 	 9.140000 	 0.540000
33.140000 	 -5.610000 	 3.810000
31.240000 	 -1.800000 	 1.970000
28.490000 	 1.500000 	 0.430000
26.730000 	 4.940000 	 -0.460000
23.960000 	 7.050000 	 -0.360000
31.380000 	 -6.260000 	 1.180000
29.640000 	 -2.780000 	 0.020000
28.010000 	 0.580000 	 -1.180000
25.350000 	 3.470000 	 -1.960000
23.270000 	 5.760000 	 -1.420000
29.360000 	 -6.030000 	 -1.170000
27.940000 	 -3.050000 	 -2.020000
26.220000 	 0.050000 	 -2.550000
24.330000 	 2.750000 	 -3.340000
21.940000 	 4.330000 	 -2.690000
35.060000 	 -4.290000 	 10.970000
32.200000 	 0.320000 	 8.010000
29.650000 	 4.020000 	 5.710000
27.360000 	 7.420000 	 4.110000
24.430000 	 9.490000 	 3.130000
33.790000 	 -6.070000 	 9.010000
30.890000 	 -1.750000 	 6.430000
28.870000 	 2.240000 	 4.520000
26.710000 	 5.560000 	 2.850000
23.750000 	 7.870000 	 2.040000
32.060000 	 -7.360000 	 6.940000
29.610000 	 -3.120000 	 4.460000
27.790000 	 0.680000 	 3.080000
25.600000 	 3.950000 	 1.630000
22.660000 	 5.810000 	 1.010000
30.570000 	 -7.530000 	 4.850000
28.550000 	 -3.800000 	 3.070000
26.370000 	 -0.450000 	 1.520000
24.280000 	 2.490000 	 0.340000
22.000000 	 4.240000 	 -0.210000
27.710000 	 -7.130000 	 1.920000
26.120000 	 -3.790000 	 0.480000
24.370000 	 -0.920000 	 -0.490000
23.160000 	 1.800000 	 -1.000000
20.490000 	 2.990000 	 -1.500000
33.280000 	 -5.290000 	 13.770000
29.990000 	 -0.430000 	 10.420000
27.700000 	 3.330000 	 7.740000
25.640000 	 6.050000 	 5.350000
22.920000 	 7.530000 	 3.690000
31.380000 	 -7.250000 	 11.460000
28.820000 	 -2.470000 	 8.300000
26.390000 	 1.290000 	 6.040000
24.290000 	 4.140000 	 4.060000
22.100000 	 5.640000 	 2.740000
29.420000 	 -8.520000 	 9.170000
27.060000 	 -3.980000 	 6.720000
25.520000 	 -0.390000 	 4.440000
23.660000 	 2.670000 	 3.060000
21.600000 	 4.070000 	 1.700000
28.180000 	 -8.260000 	 6.850000
26.760000 	 -4.820000 	 5.120000
24.300000 	 -1.380000 	 3.170000
21.990000 	 1.300000 	 1.600000
20.700000 	 2.860000 	 0.700000
25.930000 	 -7.930000 	 4.260000
24.330000 	 -4.430000 	 2.640000
22.680000 	 -1.590000 	 0.980000
21.170000 	 0.540000 	 -0.070000
19.790000 	 1.930000 	 -0.670000
32.130000 	 0.520000 	 1.360000
29.720000 	 3.090000 	 1.000000
28.240000 	 5.110000 	 0.660000
26.690000 	 6.410000 	 1.180000
31.190000 	 0.410000 	 1.090000
29.700000 	 2.850000 	 0.170000
27.610000 	 4.630000 	 0.160000
25.390000 	 5.230000 	 1.100000
30.480000 	 0.250000 	 -0.230000
28.120000 	 2.440000 	 -0.750000
27.090000 	 4.390000 	 -0.850000
24.420000 	 4.890000 	 0.080000
28.950000 	 1.030000 	 -2.200000
27.240000 	 2.940000 	 -2.570000
25.260000 	 4.510000 	 -2.180000
23.170000 	 4.560000 	 -1.290000
30.470000 	 -0.250000 	 4.330000
28.960000 	 2.120000 	 3.010000
27.470000 	 4.280000 	 2.230000
25.120000 	 5.480000 	 1.980000
29.480000 	 -0.510000 	 3.370000
28.170000 	 1.780000 	 2.290000
26.800000 	 3.600000 	 1.680000
24.630000 	 4.710000 	 1.530000
29.290000 	 -0.540000 	 2.310000
27.470000 	 1.520000 	 1.340000
25.980000 	 3.360000 	 0.900000
23.670000 	 4.230000 	 0.770000
27.660000 	 0.050000 	 0.140000
26.370000 	 2.020000 	 -0.320000
23.930000 	 3.300000 	 -1.120000
21.810000 	 3.760000 	 -0.660000
29.260000 	 -1.360000 	 5.760000
27.510000 	 1.240000 	 4.410000
26.150000 	 3.160000 	 3.390000
24.370000 	 4.410000 	 2.920000
28.380000 	 -1.340000 	 4.950000
26.570000 	 0.700000 	 3.630000
25.710000 	 2.730000 	 2.970000
23.210000 	 3.830000 	 2.160000
27.250000 	 -1.190000 	 3.890000
26.420000 	 0.680000 	 2.790000
25.300000 	 2.610000 	 2.110000
22.900000 	 3.480000 	 1.550000
26.220000 	 -0.440000 	 2.080000
25.090000 	 1.500000 	 1.370000
24.020000 	 2.640000 	 0.640000
21.660000 	 3.070000 	 0.190000
26.550000 	 -1.630000 	 6.630000
24.680000 	 0.410000 	 4.850000
23.930000 	 2.170000 	 3.700000
22.410000 	 3.270000 	 2.700000
26.250000 	 -2.020000 	 5.720000
24.630000 	 -0.060000 	 4.400000
23.110000 	 1.680000 	 3.170000
21.360000 	 2.900000 	 2.150000
24.630000 	 -2.040000 	 4.410000
23.820000 	 -0.220000 	 3.590000
22.520000 	 1.310000 	 2.420000
20.960000 	 2.280000 	 1.480000
23.610000 	 -1.460000 	 2.840000
22.440000 	 -0.110000 	 1.760000
21.750000 	 0.920000 	 0.940000
20.590000 	 1.870000 	 0.320000
