1 4 6 0
9 6 5 5 5 4 
0.000000 20.000000 40.000000 60.000000 80.000000 100.000000 
0.000000 10.000000 22.000000 34.000000 47.000000 60.000000 73.000000 86.000000 100.000000 
0.000000 20.000000 40.000000 60.000000 80.000000 100.000000 
0.000000 25.000000 50.000000 75.000000 100.000000 
0.000000 25.000000 50.000000 75.000000 100.000000 
0.000000 25.000000 50.000000 75.000000 100.000000 
0.000000 33.000000 66.000000 100.000000 
96.283300 	 0.610400 	 -2.952000
92.128300 	 8.905500 	 -5.051500
85.096400 	 23.569200 	 -8.433300
80.006000 	 34.571200 	 -10.357700
74.733900 	 46.057900 	 -11.913000
69.585500 	 57.043900 	 -12.676000
64.246600 	 68.114200 	 -12.079600
58.878000 	 77.514300 	 -8.483600
51.447700 	 82.150500 	 12.837100
93.074400 	 -3.645400 	 -7.245100
89.214500 	 4.598700 	 -9.117300
82.253600 	 19.115000 	 -12.343400
77.040400 	 30.243300 	 -14.473600
71.778700 	 41.337300 	 -16.165800
66.597600 	 52.237900 	 -17.017000
61.174300 	 63.950000 	 -16.605400
55.574100 	 72.896000 	 -13.694200
46.986600 	 75.587500 	 5.289800
87.288500 	 -11.711600 	 -14.995500
83.426600 	 -3.759900 	 -16.786600
76.966700 	 10.407600 	 -19.618300
71.715400 	 21.529300 	 -21.896100
66.191300 	 32.694300 	 -24.038200
60.794500 	 43.996700 	 -25.430400
55.056600 	 55.073800 	 -25.937100
49.227700 	 64.633100 	 -23.785600
39.284500 	 64.774700 	 -8.082200
82.397700 	 -19.526900 	 -21.405100
78.483700 	 -12.171700 	 -23.359900
71.994100 	 2.149900 	 -26.192600
66.773500 	 12.993200 	 -28.761900
61.281800 	 24.366300 	 -31.058300
56.266800 	 35.682300 	 -31.979100
50.465000 	 46.870000 	 -32.753700
44.148900 	 57.391700 	 -31.422300
34.002800 	 56.556000 	 -16.656800
77.757200 	 -25.559300 	 -27.289000
74.157000 	 -18.490300 	 -28.978800
67.623600 	 -4.887100 	 -31.932600
62.534300 	 6.003900 	 -34.206000
57.173200 	 17.162600 	 -36.535300
51.290200 	 29.038700 	 -38.806900
45.581600 	 40.783000 	 -39.709800
39.145100 	 50.806800 	 -38.840600
29.205300 	 49.626600 	 -24.984300
73.205100 	 -32.204600 	 -32.931000
69.650000 	 -25.094500 	 -34.539000
63.152700 	 -11.560800 	 -37.550200
58.177400 	 -1.515400 	 -40.056200
52.335800 	 10.305500 	 -42.945800
46.838900 	 21.987100 	 -44.967200
40.895600 	 34.090200 	 -46.404100
34.238300 	 44.608300 	 -46.186400
25.104200 	 43.103900 	 -31.922900
67.698500 	 -39.816800 	 -39.271400
64.339500 	 -32.518600 	 -40.670100
57.878400 	 -20.179600 	 -43.986600
52.764300 	 -9.027300 	 -46.677000
47.483600 	 2.239900 	 -49.240400
41.369700 	 13.984200 	 -52.387800
35.424700 	 26.213100 	 -54.242100
28.896300 	 37.594000 	 -54.204500
20.802500 	 36.400100 	 -39.506400
61.669200 	 -45.444700 	 -45.407200
58.111100 	 -38.728400 	 -47.198300
52.126400 	 -25.562400 	 -49.922400
47.151100 	 -14.708700 	 -52.457800
41.957600 	 -3.889800 	 -55.154400
36.301200 	 8.598600 	 -57.737800
30.388900 	 20.856100 	 -59.790600
24.181400 	 32.502300 	 -59.772900
19.045000 	 31.004200 	 -42.998700
50.700900 	 -42.682600 	 -52.974900
47.788600 	 -36.107500 	 -54.258900
42.464300 	 -23.543000 	 -56.893500
38.098000 	 -13.097000 	 -59.099300
33.748800 	 -2.581100 	 -61.214200
29.122400 	 7.965800 	 -62.923600
24.201800 	 19.254800 	 -64.164700
19.542400 	 28.162400 	 -62.539500
18.847200 	 22.866800 	 -46.315600
95.653900 	 -0.515000 	 3.466800
91.525800 	 7.871700 	 1.354600
84.808300 	 22.149700 	 -2.412400
79.456300 	 33.516200 	 -4.552000
74.239700 	 44.871700 	 -6.331300
69.163300 	 55.682900 	 -7.400000
63.752800 	 66.686500 	 -6.917400
58.464600 	 76.247100 	 -3.634700
51.183600 	 81.317700 	 16.466100
92.567300 	 -4.901600 	 -0.765300
88.591000 	 3.441100 	 -2.660300
81.645200 	 17.813400 	 -6.314400
76.610200 	 28.379900 	 -8.760700
71.205200 	 39.797400 	 -10.709600
65.932000 	 51.269100 	 -11.946900
60.808600 	 61.781100 	 -11.427500
55.229100 	 71.048200 	 -8.281900
46.706300 	 74.103000 	 9.113200
86.734800 	 -13.032000 	 -8.480700
83.045500 	 -5.204900 	 -10.074700
76.582800 	 8.048000 	 -13.303600
71.354500 	 19.432700 	 -15.487400
66.143400 	 30.401400 	 -17.686500
60.563400 	 41.860100 	 -19.500500
54.988100 	 53.069300 	 -19.607100
49.082100 	 62.878100 	 -18.021000
39.635900 	 63.053600 	 -3.159300
81.881400 	 -20.740600 	 -14.683300
78.175500 	 -12.961300 	 -16.615500
71.539700 	 0.468300 	 -19.851500
66.526600 	 11.410800 	 -22.269700
61.233200 	 22.169900 	 -24.452300
55.618100 	 33.926600 	 -26.299700
49.848500 	 45.267700 	 -27.626400
43.484900 	 55.266600 	 -26.598900
33.671600 	 54.477300 	 -13.409300
77.250000 	 -28.062300 	 -20.689600
73.666400 	 -20.507500 	 -22.340000
67.371700 	 -6.649500 	 -25.573500
61.950500 	 3.478100 	 -28.413500
56.546800 	 14.864300 	 -31.189800
50.973000 	 26.042500 	 -33.200700
44.748800 	 38.158700 	 -34.934300
38.561300 	 48.377900 	 -34.402800
28.846400 	 47.028500 	 -21.956200
72.402700 	 -36.170900 	 -26.840800
69.047000 	 -28.676600 	 -28.192800
62.533500 	 -14.518600 	 -31.473200
57.658200 	 -4.511600 	 -33.769400
52.195300 	 7.686200 	 -36.604200
46.541300 	 18.936500 	 -38.834700
40.253900 	 31.233200 	 -40.964400
34.035000 	 41.775500 	 -40.598400
25.049400 	 40.191800 	 -28.033300
67.179000 	 -42.576700 	 -32.685900
63.571400 	 -35.964100 	 -34.424100
57.247300 	 -22.538800 	 -37.717500
52.423200 	 -12.250200 	 -40.284500
46.722900 	 -0.869000 	 -43.308900
41.379100 	 10.927500 	 -45.853000
35.152900 	 23.372200 	 -47.877400
28.520000 	 34.641600 	 -48.070300
21.479400 	 34.067500 	 -34.595200
60.812600 	 -49.478800 	 -39.175100
57.513900 	 -42.268800 	 -40.814400
51.427700 	 -29.682700 	 -43.790200
46.586600 	 -19.133600 	 -46.614700
41.456300 	 -7.697800 	 -49.487600
35.778100 	 4.469600 	 -52.316600
30.063500 	 16.854500 	 -54.697600
23.762200 	 28.920900 	 -54.594300
18.927200 	 27.595300 	 -39.635400
50.160900 	 -47.512500 	 -46.950500
47.289200 	 -41.081700 	 -48.167500
41.921000 	 -28.452800 	 -51.207900
37.722200 	 -18.728600 	 -53.331000
33.316900 	 -8.116300 	 -55.618900
28.680700 	 3.373500 	 -57.982000
23.902100 	 13.909100 	 -58.799700
19.288700 	 23.523000 	 -57.801800
18.535200 	 20.306700 	 -42.988800
94.604600 	 -2.363100 	 15.836300
90.634700 	 5.698700 	 13.556100
83.814100 	 20.101400 	 9.498200
78.805600 	 30.845900 	 7.267600
73.642400 	 42.201100 	 5.066300
68.519300 	 53.397400 	 3.646900
63.433700 	 63.963700 	 4.172300
58.079100 	 73.945400 	 7.462700
51.240800 	 79.660700 	 24.777200
91.605000 	 -6.963600 	 12.021300
87.691400 	 1.048100 	 9.286400
80.965900 	 15.229300 	 5.520100
75.813800 	 26.226900 	 3.120900
70.770200 	 36.920500 	 1.219000
65.628600 	 48.423200 	 -0.195000
60.195600 	 59.604200 	 -0.698400
54.854600 	 68.784000 	 2.054100
46.636000 	 72.541500 	 16.523500
85.762900 	 -16.071900 	 4.200200
82.145700 	 -7.908400 	 1.794100
75.445700 	 6.065900 	 -2.008000
70.666200 	 16.572900 	 -4.401500
65.284300 	 27.809400 	 -6.510600
59.791200 	 38.847600 	 -8.298800
54.594100 	 50.029300 	 -9.282300
48.574800 	 59.791700 	 -8.312400
39.006500 	 60.526800 	 3.604600
80.874200 	 -24.137500 	 -2.721300
76.955700 	 -16.701500 	 -5.288900
70.479300 	 -3.297600 	 -8.522300
66.009100 	 7.837200 	 -11.048000
60.912200 	 18.629600 	 -13.558300
55.289900 	 30.017100 	 -15.719900
49.459300 	 41.343900 	 -17.084600
43.369900 	 51.591500 	 -16.146400
33.540700 	 51.744100 	 -5.884600
76.468900 	 -31.456200 	 -8.829100
72.924200 	 -23.955300 	 -10.748500
66.564800 	 -10.941300 	 -14.417700
61.525600 	 -0.146300 	 -17.026100
56.147200 	 10.539100 	 -19.953200
50.775500 	 22.167500 	 -22.063000
44.649800 	 34.114500 	 -23.665200
38.493500 	 44.346200 	 -23.386900
29.200700 	 44.053600 	 -14.213800
71.743300 	 -39.505800 	 -14.584700
68.180000 	 -32.237100 	 -16.823700
61.799300 	 -19.168300 	 -20.230500
56.801800 	 -8.632700 	 -23.069500
51.740100 	 2.434100 	 -25.756400
45.970400 	 13.842200 	 -28.727100
40.061200 	 25.781000 	 -30.649000
33.353400 	 36.300100 	 -30.684300
25.001900 	 36.788300 	 -21.663400
66.178900 	 -48.610400 	 -21.215900
62.856900 	 -41.130200 	 -23.115700
56.664100 	 -28.869700 	 -26.917000
51.519700 	 -18.326000 	 -29.701300
46.132400 	 -7.152900 	 -32.848100
40.721800 	 4.697800 	 -35.801600
34.428000 	 16.638100 	 -38.394200
28.242800 	 27.983900 	 -38.662900
21.374100 	 29.827300 	 -27.988000
60.050900 	 -55.648700 	 -27.650700
56.575800 	 -49.548400 	 -29.677000
50.693000 	 -36.655800 	 -33.233000
45.902000 	 -26.474700 	 -36.112200
40.755000 	 -15.561200 	 -38.714200
35.361000 	 -3.443600 	 -42.003100
29.672700 	 8.429100 	 -44.411200
23.435900 	 21.326800 	 -45.403300
19.632300 	 22.542000 	 -33.353100
48.979100 	 -55.799700 	 -36.213200
46.265800 	 -49.382000 	 -37.928300
40.951400 	 -36.830700 	 -41.243200
36.866700 	 -26.958800 	 -43.845600
32.468400 	 -16.348300 	 -46.310500
27.982800 	 -5.781100 	 -48.156900
23.345000 	 5.420400 	 -49.897400
19.212300 	 14.833000 	 -49.022900
20.083600 	 14.663400 	 -38.029300
94.166200 	 -3.753400 	 28.025800
90.162700 	 4.296300 	 25.631200
83.529100 	 18.302000 	 21.620900
78.508700 	 29.274300 	 18.743900
73.290500 	 40.647000 	 16.684200
68.265600 	 51.783500 	 15.054100
63.180500 	 62.686700 	 15.074000
58.131100 	 72.128100 	 17.991100
51.221400 	 78.990700 	 31.414900
90.945900 	 -8.932000 	 23.849700
87.205600 	 -0.793000 	 21.173000
80.531100 	 13.499300 	 17.343600
75.570700 	 23.734500 	 14.652500
70.510100 	 34.944100 	 12.183500
65.374700 	 45.731500 	 10.517900
59.801200 	 57.285700 	 9.969400
54.734800 	 66.722000 	 12.420900
46.608700 	 71.377400 	 23.153800
85.163200 	 -18.136700 	 16.113200
81.491500 	 -10.126100 	 13.369400
74.992800 	 3.543900 	 9.673700
70.125400 	 13.980400 	 6.582700
64.923500 	 25.439400 	 4.759100
59.500300 	 36.597000 	 2.702000
54.189100 	 47.740800 	 1.451500
48.319000 	 57.153700 	 2.817500
39.259300 	 58.687800 	 9.497700
80.108600 	 -26.477600 	 9.014200
76.520000 	 -18.938000 	 7.095200
70.157500 	 -5.907200 	 2.931300
65.272000 	 4.983100 	 0.160000
60.123800 	 15.498300 	 -2.724600
54.545300 	 27.051200 	 -4.962500
48.887300 	 38.540000 	 -6.530500
42.740200 	 48.145800 	 -6.375500
33.406400 	 49.293900 	 -0.206200
75.333600 	 -35.245900 	 2.915600
71.824900 	 -28.359400 	 1.098700
65.447900 	 -14.997200 	 -3.235900
60.536200 	 -4.338000 	 -6.253500
55.101400 	 6.585200 	 -9.381400
49.619700 	 18.114000 	 -12.245700
43.895500 	 29.890900 	 -14.098900
37.830500 	 40.095100 	 -14.091800
28.692200 	 41.173600 	 -8.925800
70.837600 	 -43.475700 	 -3.076900
67.534300 	 -36.232500 	 -4.789800
61.206700 	 -23.646400 	 -8.684700
56.090800 	 -13.791200 	 -11.667800
50.697100 	 -2.364100 	 -15.183500
45.337500 	 9.072800 	 -18.145600
39.506100 	 21.527100 	 -20.341400
33.280500 	 32.268100 	 -20.924300
25.154200 	 33.546600 	 -15.913300
65.277000 	 -53.372400 	 -9.254700
62.131500 	 -46.378700 	 -11.289900
55.857900 	 -33.684000 	 -15.199800
50.776900 	 -23.828500 	 -18.498600
45.836600 	 -12.360800 	 -21.865100
40.131800 	 -0.538900 	 -25.096200
34.316500 	 12.196200 	 -27.898400
28.039700 	 22.904300 	 -28.655800
21.890100 	 25.817600 	 -22.262300
58.947800 	 -62.051800 	 -16.300800
55.762300 	 -55.160500 	 -18.473000
50.105900 	 -43.683800 	 -21.654100
45.140300 	 -33.642500 	 -24.707700
39.820600 	 -22.067100 	 -28.484000
34.793700 	 -10.557700 	 -31.824100
29.078200 	 1.925800 	 -34.555100
23.246900 	 14.293400 	 -35.850300
19.273300 	 19.230100 	 -27.961200
48.121900 	 -64.004400 	 -25.161700
45.470200 	 -57.793700 	 -26.973700
40.222600 	 -45.213500 	 -30.677600
36.065700 	 -35.366000 	 -33.477000
31.810200 	 -25.127000 	 -35.947900
27.391600 	 -13.808200 	 -39.010300
22.881600 	 -2.501400 	 -40.916500
18.951100 	 7.144100 	 -40.730100
19.374400 	 11.451900 	 -33.147700
93.621800 	 -4.764500 	 39.662700
89.773300 	 3.031200 	 37.011000
82.902200 	 17.541000 	 32.372200
77.995100 	 28.180300 	 29.472500
72.926600 	 39.440200 	 27.079900
68.059800 	 50.130400 	 25.698300
63.027200 	 61.166600 	 25.107000
58.059400 	 70.830500 	 27.735600
51.445900 	 78.213100 	 36.866700
90.503300 	 -9.678600 	 35.519000
86.664500 	 -1.847300 	 32.545100
80.093400 	 11.911800 	 28.145000
75.180700 	 22.613600 	 25.106400
70.186100 	 33.824000 	 22.893900
65.036300 	 44.820400 	 21.252800
59.828200 	 55.932600 	 20.621800
54.589300 	 65.268100 	 22.314600
46.812200 	 70.505600 	 28.558500
84.463600 	 -19.834600 	 27.214800
80.997100 	 -12.131300 	 25.092800
74.370200 	 1.231200 	 20.757800
69.501900 	 12.241400 	 17.463800
64.395500 	 23.143800 	 14.733400
58.988300 	 34.250300 	 12.373700
53.697900 	 45.594400 	 11.321300
48.226700 	 55.039900 	 11.812500
39.129500 	 57.645700 	 14.612100
79.531000 	 -28.296600 	 20.230000
76.098000 	 -21.534800 	 17.965400
69.658600 	 -8.333000 	 13.884900
64.682600 	 2.328500 	 10.614800
59.589300 	 12.847000 	 7.406200
54.128800 	 24.604600 	 5.075100
48.743900 	 36.262600 	 3.277900
42.615200 	 46.190500 	 3.021000
33.506500 	 47.923500 	 4.476600
74.671700 	 -37.661500 	 13.913200
71.173100 	 -30.273900 	 12.158600
65.087000 	 -17.102100 	 7.415300
60.291100 	 -7.480900 	 4.434800
54.935400 	 4.335000 	 1.071100
49.596600 	 15.655100 	 -1.745900
43.887000 	 27.281600 	 -3.517900
37.842600 	 38.189100 	 -4.613100
29.090900 	 39.244200 	 -4.186800
70.055000 	 -46.230000 	 7.752200
66.611600 	 -39.510300 	 5.675100
60.566600 	 -27.098400 	 1.912700
55.490500 	 -16.745400 	 -1.646600
50.146900 	 -5.530200 	 -5.573000
44.640300 	 6.100200 	 -8.475800
38.937800 	 17.942000 	 -11.144100
32.707200 	 28.740100 	 -12.191400
25.323000 	 31.116500 	 -11.734600
64.327800 	 -57.699100 	 1.045200
60.929300 	 -50.887800 	 -1.243100
54.769000 	 -38.481500 	 -5.544900
50.024800 	 -28.377000 	 -8.384400
44.578000 	 -17.276700 	 -12.854100
39.261000 	 -6.152300 	 -15.776400
33.708100 	 6.770000 	 -18.962000
27.601500 	 18.508900 	 -20.627400
21.625800 	 23.550500 	 -17.877800
58.155900 	 -67.026400 	 -6.200300
55.139200 	 -60.457600 	 -8.131300
49.250600 	 -48.549600 	 -12.059700
44.674200 	 -38.224000 	 -15.460700
39.596300 	 -27.669800 	 -19.129700
34.213100 	 -15.984500 	 -23.089000
28.519500 	 -3.214600 	 -25.624100
22.952700 	 9.068000 	 -27.420200
19.731200 	 16.251100 	 -23.819900
47.319000 	 -69.725600 	 -16.110500
44.642600 	 -63.367200 	 -18.384500
39.532700 	 -51.791400 	 -21.801900
35.477100 	 -42.178700 	 -24.681700
31.204600 	 -31.410000 	 -28.105000
26.825200 	 -20.434900 	 -30.691000
22.777300 	 -9.496900 	 -33.031600
19.009900 	 0.695200 	 -32.918800
20.133800 	 8.310100 	 -29.633900
93.069000 	 -5.207400 	 52.017400
89.157700 	 2.567800 	 49.278500
82.578700 	 16.475500 	 44.331300
77.564300 	 27.328900 	 41.339600
72.737600 	 38.232700 	 38.632900
67.752100 	 49.489100 	 36.543000
62.760600 	 60.582800 	 35.885100
57.993900 	 70.026500 	 37.183500
51.554900 	 77.770100 	 41.012100
89.677600 	 -10.756300 	 48.092500
85.872200 	 -2.998700 	 44.310400
79.529800 	 10.896600 	 39.957700
74.399800 	 21.670200 	 36.336800
69.619400 	 32.593400 	 34.243800
64.617600 	 43.424800 	 32.563900
59.495200 	 54.849100 	 30.721100
54.554400 	 64.279900 	 31.933500
46.898100 	 69.673700 	 32.326000
83.915000 	 -20.768900 	 39.588100
80.232500 	 -13.550600 	 36.593800
73.797100 	 0.121600 	 32.395500
69.130900 	 10.763000 	 29.081000
63.979200 	 22.027900 	 25.878300
58.773000 	 32.865000 	 23.399500
53.474000 	 44.051300 	 22.053600
48.152700 	 53.848400 	 21.773800
39.553300 	 56.890100 	 18.859100
78.964700 	 -29.697800 	 32.673800
75.380200 	 -22.806300 	 29.723700
69.049900 	 -9.769900 	 25.739700
64.096300 	 0.914000 	 21.871600
59.069700 	 11.866900 	 19.030500
53.828500 	 23.233300 	 15.932100
48.159000 	 34.316700 	 13.776900
42.585800 	 44.318300 	 13.046900
33.614400 	 46.191700 	 8.153300
74.035800 	 -39.254000 	 25.987500
70.585100 	 -32.445900 	 23.348100
64.125800 	 -19.875700 	 18.723700
59.248700 	 -8.772000 	 15.669800
53.984500 	 2.149500 	 11.879000
48.644400 	 13.074700 	 8.334700
43.329600 	 24.953100 	 6.014400
37.451700 	 35.135800 	 3.979300
28.989100 	 37.924700 	 0.376200
69.248100 	 -49.284900 	 19.456100
66.018300 	 -42.380800 	 17.468600
59.767900 	 -29.992500 	 12.206100
55.058800 	 -19.690300 	 9.128800
49.557400 	 -8.006900 	 5.157500
44.349300 	 2.858100 	 1.602900
38.726500 	 14.991000 	 -1.204600
32.398800 	 25.454200 	 -3.909600
25.430200 	 29.569000 	 -7.426000
63.640900 	 -60.615600 	 12.815700
60.263500 	 -53.942400 	 10.185500
54.432400 	 -41.280100 	 5.872100
49.601700 	 -31.655400 	 1.739800
44.415200 	 -20.169600 	 -1.812900
39.149400 	 -9.556100 	 -5.466300
33.332400 	 3.661800 	 -9.540800
27.427100 	 15.406300 	 -11.760200
22.243700 	 21.222400 	 -14.178000
57.301000 	 -71.233500 	 5.568200
54.169500 	 -65.253900 	 3.010500
48.493400 	 -52.868800 	 -1.631800
43.952500 	 -43.536400 	 -5.335000
38.585800 	 -31.891200 	 -9.515000
33.672100 	 -20.579300 	 -13.071000
28.237500 	 -8.164700 	 -16.552300
22.821800 	 4.888300 	 -19.719100
19.883700 	 14.214800 	 -19.675600
46.309900 	 -74.712900 	 -6.412500
43.664200 	 -68.848400 	 -8.439800
38.641900 	 -57.494600 	 -12.204100
34.758400 	 -47.365300 	 -16.084900
30.700200 	 -37.344900 	 -19.091600
26.375000 	 -26.083800 	 -22.352700
22.540600 	 -15.274200 	 -25.009000
19.048500 	 -4.135000 	 -26.466600
20.643300 	 5.653600 	 -26.238100
92.277700 	 -5.203800 	 67.464600
88.280000 	 2.782000 	 64.404500
81.747800 	 16.692600 	 58.988400
76.838800 	 27.437300 	 55.835500
72.071500 	 38.147400 	 52.503300
67.170800 	 49.165700 	 49.980600
62.463100 	 59.742200 	 49.021200
57.799500 	 69.302800 	 48.664600
51.761400 	 77.005600 	 44.534500
88.943700 	 -10.734000 	 63.073600
85.225200 	 -3.116900 	 59.264300
78.778900 	 10.757000 	 54.352100
73.932400 	 21.195700 	 51.375700
68.895000 	 32.507300 	 47.520800
64.075500 	 43.076200 	 45.594200
59.013600 	 53.753600 	 42.956500
54.113700 	 63.121500 	 43.024100
46.890100 	 68.645800 	 35.943900
82.836300 	 -21.604900 	 54.145300
79.127000 	 -14.103800 	 51.047600
73.093300 	 -0.695200 	 46.088200
67.980400 	 9.775600 	 42.616500
62.843100 	 20.714500 	 38.675500
57.813900 	 31.855200 	 35.728600
52.534700 	 42.316600 	 33.172600
47.486200 	 52.019800 	 31.517400
39.208000 	 55.504400 	 22.691500
77.763100 	 -31.414700 	 46.553100
74.383700 	 -23.856700 	 43.408500
68.130300 	 -11.344700 	 38.986300
63.277800 	 -0.073300 	 34.562600
58.251800 	 10.141700 	 31.352000
52.863300 	 21.673900 	 27.343000
47.803900 	 32.844800 	 24.636900
42.027900 	 42.499600 	 22.211100
33.649400 	 44.393800 	 11.480700
73.084700 	 -40.952500 	 40.472800
69.634900 	 -34.243000 	 37.129600
63.341000 	 -20.978000 	 31.785300
58.477100 	 -10.261400 	 28.390100
53.416000 	 0.565300 	 24.231500
48.397300 	 12.104800 	 20.772300
42.815200 	 23.033900 	 16.841300
37.208900 	 33.559200 	 13.947000
29.589800 	 35.656800 	 2.988700
68.129300 	 -51.027100 	 33.101100
64.592100 	 -44.171800 	 30.688500
58.712600 	 -31.909000 	 25.353300
53.859500 	 -21.437200 	 21.109500
48.731300 	 -10.338800 	 17.624400
43.366300 	 0.478100 	 13.234200
37.936900 	 12.012700 	 9.169400
32.225900 	 23.481400 	 5.471200
25.505500 	 27.483500 	 -3.820400
62.430800 	 -63.256400 	 25.949200
59.125800 	 -56.820000 	 23.022100
52.945000 	 -45.065000 	 17.858400
48.021900 	 -34.345200 	 13.312200
43.521300 	 -23.764000 	 8.767800
38.302800 	 -12.648000 	 5.398500
32.685800 	 0.227600 	 0.824900
27.049300 	 11.849100 	 -3.206500
23.091300 	 18.426400 	 -11.243800
56.270700 	 -73.752700 	 17.414900
53.193100 	 -67.449200 	 14.982000
47.582400 	 -55.578900 	 10.224200
42.736400 	 -46.122400 	 5.622300
37.900300 	 -35.893000 	 1.939600
33.047300 	 -24.184200 	 -2.737400
27.890300 	 -11.860700 	 -6.636700
22.663600 	 1.219000 	 -10.827600
21.074400 	 11.206000 	 -16.141900
45.326800 	 -78.718000 	 4.411700
42.717100 	 -72.476400 	 1.667800
37.779000 	 -61.550000 	 -2.330700
33.902400 	 -51.695600 	 -6.248500
29.810100 	 -41.340100 	 -9.987900
25.964900 	 -30.701600 	 -13.275500
22.332000 	 -19.259400 	 -16.625700
19.639200 	 -8.579600 	 -19.090300
21.250800 	 3.031600 	 -22.540100
91.198100 	 -3.602200 	 84.570200
87.393500 	 4.029900 	 80.928900
80.823700 	 17.806300 	 74.911200
76.074100 	 28.337800 	 70.968800
71.251900 	 39.117900 	 67.533100
66.556300 	 49.897100 	 63.886600
61.995100 	 60.137400 	 61.418500
57.611500 	 69.241700 	 59.159500
51.796300 	 76.446600 	 48.098300
87.843600 	 -9.303700 	 79.253000
84.137000 	 -1.952200 	 75.227000
77.525400 	 11.795600 	 69.602800
73.011000 	 21.870100 	 65.667300
68.076100 	 32.439200 	 61.479800
63.526800 	 43.038000 	 58.681100
58.545400 	 53.746100 	 55.123400
53.845600 	 62.683100 	 52.599100
47.053300 	 66.889700 	 36.783900
81.804200 	 -20.304100 	 70.082700
78.150900 	 -13.250800 	 66.475900
72.049700 	 -0.032900 	 60.774300
67.015000 	 9.900300 	 56.886500
62.187100 	 21.156800 	 52.672600
57.303300 	 31.762700 	 48.802500
52.350400 	 42.215500 	 45.261500
47.201600 	 51.061700 	 41.066100
39.086400 	 51.736400 	 21.770300
76.399100 	 -30.812100 	 61.819300
72.895200 	 -24.049000 	 58.403900
66.848100 	 -11.067800 	 53.629500
61.971200 	 -0.991400 	 48.598400
56.816300 	 9.796700 	 44.386000
51.829500 	 20.474100 	 39.957100
46.529400 	 30.926900 	 35.544100
41.143800 	 40.002900 	 30.942900
33.463800 	 40.418000 	 11.548400
71.547000 	 -40.642700 	 54.780100
68.166400 	 -34.131800 	 51.046100
61.796200 	 -21.762100 	 45.281700
56.986400 	 -11.416300 	 41.502700
51.718900 	 -0.522500 	 36.112300
47.316100 	 10.990700 	 32.149200
42.196900 	 21.989300 	 27.873500
36.589300 	 31.521400 	 22.321600
29.988100 	 32.169500 	 4.174400
66.974500 	 -50.265400 	 47.212000
63.644000 	 -44.198400 	 44.652300
57.739700 	 -31.337900 	 39.373900
52.812900 	 -21.160100 	 34.339200
47.683000 	 -10.371200 	 29.494700
42.452700 	 0.286500 	 24.629200
37.351000 	 11.867900 	 19.517500
32.043600 	 21.369200 	 14.050300
26.942000 	 23.637900 	 -2.344400
61.352500 	 -62.014100 	 39.852700
58.069600 	 -55.787400 	 36.298100
52.439500 	 -43.329500 	 31.328500
47.641300 	 -34.029700 	 26.574100
42.292100 	 -23.439100 	 20.786400
37.463000 	 -12.902200 	 16.351600
31.964900 	 -1.048300 	 10.449900
26.963700 	 9.458300 	 4.717900
24.518200 	 15.728900 	 -7.970100
54.989300 	 -73.710100 	 30.818200
52.044800 	 -67.322600 	 27.921000
46.151100 	 -56.473700 	 22.060400
41.779600 	 -46.432700 	 17.606400
36.902300 	 -35.805900 	 12.368000
32.232000 	 -24.981800 	 7.339200
27.351500 	 -13.063200 	 2.355500
22.804600 	 -1.819900 	 -2.990900
22.441200 	 8.983100 	 -12.588000
43.878800 	 -79.255500 	 14.749400
41.580300 	 -74.030300 	 12.045400
36.628000 	 -62.266700 	 6.653400
32.859200 	 -52.828100 	 2.505500
29.200100 	 -42.930900 	 -1.532100
25.613300 	 -32.361200 	 -5.857200
22.563100 	 -21.969600 	 -9.447400
20.435000 	 -11.526900 	 -13.350500
21.791800 	 0.473100 	 -18.517300
88.373000 	 4.579100 	 105.314100
84.490100 	 12.220600 	 100.659600
77.584600 	 26.548700 	 92.277100
72.904000 	 36.777700 	 86.747500
68.449800 	 46.846400 	 81.460100
64.514100 	 55.722000 	 76.662600
60.878600 	 63.431800 	 71.487500
57.543400 	 69.686500 	 64.779500
53.063800 	 72.778800 	 46.984800
84.749300 	 -1.812500 	 99.643200
80.882700 	 5.431100 	 95.027400
73.925000 	 19.482100 	 86.423700
69.262300 	 29.445200 	 80.695100
64.629800 	 39.340400 	 74.840200
60.623200 	 47.859600 	 69.910900
56.744700 	 55.614900 	 64.305700
52.903300 	 60.972800 	 56.747400
47.623100 	 61.815800 	 37.253600
78.073500 	 -14.176000 	 88.727600
74.229500 	 -7.696500 	 84.090000
67.634000 	 5.325300 	 76.030900
62.755800 	 15.869300 	 70.005500
57.780100 	 24.717200 	 63.479000
53.671700 	 34.013000 	 58.302200
49.536600 	 41.535300 	 52.160200
45.265700 	 46.593100 	 43.708200
39.824900 	 45.600700 	 23.993400
72.359700 	 -26.270500 	 79.184900
68.635600 	 -19.168700 	 74.422700
62.199600 	 -6.872600 	 66.519400
57.326000 	 2.737800 	 60.223100
52.573000 	 12.622400 	 53.639700
47.680200 	 20.846100 	 46.579600
43.476500 	 28.841500 	 40.299800
39.391400 	 33.766300 	 31.756200
34.747400 	 33.197800 	 14.911300
67.611100 	 -36.029100 	 71.248800
63.833100 	 -29.626500 	 66.621100
57.461200 	 -17.723400 	 58.586700
52.666800 	 -7.646000 	 52.186400
47.660200 	 1.760600 	 45.278400
43.283400 	 11.086300 	 39.506900
38.902600 	 18.125000 	 32.532400
34.999400 	 24.063300 	 24.210500
31.611500 	 24.913800 	 9.139600
62.664400 	 -46.186900 	 63.062500
59.005400 	 -40.175900 	 58.509600
52.663700 	 -28.335600 	 50.312800
47.826700 	 -18.880100 	 43.822300
43.239100 	 -9.264700 	 37.218700
38.938000 	 -0.158900 	 31.305000
34.718300 	 8.247800 	 25.056400
30.950700 	 14.550000 	 17.376300
28.863300 	 18.001300 	 4.150600
56.968400 	 -57.648100 	 54.035300
53.604400 	 -51.335800 	 49.957300
48.210200 	 -39.149700 	 42.886800
43.364900 	 -30.758400 	 36.037300
38.825800 	 -20.740700 	 29.428100
34.623000 	 -11.846600 	 23.129700
30.808600 	 -2.985000 	 17.214000
27.702200 	 4.224000 	 10.274700
26.814500 	 10.985000 	 0.350400
51.412900 	 -66.270000 	 43.755700
48.317100 	 -60.525800 	 39.587500
42.664300 	 -48.914300 	 32.090100
38.538200 	 -39.814900 	 26.087800
34.512800 	 -30.652900 	 20.292300
30.743900 	 -21.627100 	 14.882700
27.553200 	 -12.962400 	 9.263900
25.195600 	 -5.225000 	 3.719800
25.112200 	 4.523500 	 -3.397700
41.167000 	 -68.316700 	 24.436000
38.782000 	 -62.552900 	 21.218000
34.588000 	 -51.850600 	 15.122300
31.633300 	 -43.426200 	 10.364500
29.369400 	 -35.351800 	 5.889000
27.157900 	 -28.181300 	 2.397000
25.808100 	 -21.675100 	 -0.984100
24.728800 	 -15.406600 	 -3.882600
23.006400 	 -3.977400 	 -8.996600
87.226800 	 0.523800 	 -2.781200
78.411500 	 18.447500 	 -7.061700
70.490700 	 35.404400 	 -10.299400
62.778600 	 51.188100 	 -12.043000
54.857100 	 66.243300 	 -10.926800
44.126000 	 71.369600 	 7.380100
80.193400 	 -9.467900 	 -11.972700
72.288600 	 8.370200 	 -15.651600
64.295900 	 24.658600 	 -19.043700
56.137700 	 41.057600 	 -21.811800
47.960500 	 56.847800 	 -21.294700
35.789400 	 58.808200 	 -6.978000
73.522900 	 -20.106400 	 -20.627400
65.090000 	 -2.748200 	 -24.769800
57.216700 	 13.376600 	 -28.441600
48.958800 	 30.797800 	 -31.430300
40.332600 	 46.301300 	 -32.581900
28.273100 	 46.247700 	 -20.212400
66.856000 	 -30.357700 	 -28.762700
58.633500 	 -13.166300 	 -32.748700
50.770900 	 3.103700 	 -36.693400
42.534300 	 20.082100 	 -40.500600
33.760200 	 37.398000 	 -41.915900
22.868000 	 36.971300 	 -29.457000
58.755100 	 -40.705600 	 -37.595400
50.717500 	 -24.360200 	 -41.712500
43.130700 	 -7.650200 	 -45.726600
34.918800 	 9.670200 	 -49.954200
26.218400 	 26.697100 	 -52.189100
19.139900 	 27.526500 	 -37.133800
45.765900 	 -40.400400 	 -47.100700
39.044400 	 -24.846100 	 -50.492400
32.758000 	 -9.549600 	 -53.967100
26.092800 	 6.146300 	 -56.634200
19.545100 	 20.695100 	 -56.956200
18.576200 	 18.074200 	 -40.733200
86.351800 	 -2.050400 	 12.042200
77.760900 	 15.682400 	 7.241300
69.990000 	 31.992000 	 3.534200
62.418400 	 48.233900 	 0.937600
54.557800 	 63.078400 	 1.960600
44.053500 	 69.705400 	 16.107500
79.515800 	 -12.333800 	 2.559100
71.434700 	 5.019500 	 -1.861200
63.303300 	 21.271400 	 -5.883800
55.914700 	 37.716500 	 -8.067000
47.481000 	 52.895700 	 -9.112400
35.583700 	 55.359400 	 1.276900
72.499000 	 -24.097100 	 -6.762100
64.263800 	 -6.982700 	 -10.979400
56.408200 	 9.071600 	 -14.788200
48.539600 	 25.738500 	 -18.754300
39.951200 	 41.050500 	 -19.782700
28.171600 	 42.955200 	 -11.836100
65.790200 	 -35.332000 	 -14.698000
57.578900 	 -19.495300 	 -19.250100
49.868500 	 -2.479300 	 -23.928300
41.876200 	 13.543200 	 -27.565400
32.996800 	 30.491500 	 -30.472000
23.095400 	 32.108200 	 -21.514900
57.404500 	 -48.211200 	 -23.694400
49.783200 	 -32.195500 	 -28.367900
42.048100 	 -15.638500 	 -32.666500
34.257900 	 1.099600 	 -37.452300
25.850500 	 17.920100 	 -39.530100
19.137800 	 22.370800 	 -28.844200
44.462400 	 -50.342500 	 -34.323400
37.749100 	 -35.075100 	 -37.970800
31.537400 	 -19.503100 	 -42.311200
25.292300 	 -5.093300 	 -44.575500
18.912200 	 9.645400 	 -45.238700
18.532100 	 13.220700 	 -34.814200
85.592300 	 -4.146500 	 29.455300
76.768600 	 13.452900 	 23.624700
68.976200 	 29.952100 	 20.106500
61.658100 	 46.167500 	 16.829300
54.084000 	 60.764800 	 17.063200
44.107100 	 67.840000 	 24.429600
78.431300 	 -15.490200 	 20.012000
70.110100 	 1.787500 	 14.827000
62.507200 	 17.571300 	 10.056900
54.936300 	 33.923400 	 6.966900
46.890800 	 49.213200 	 5.977800
35.464800 	 52.953800 	 9.205700
71.263400 	 -28.261200 	 11.134300
63.161300 	 -11.858400 	 4.770100
55.545500 	 4.790300 	 0.637800
47.815300 	 20.585400 	 -3.550500
39.193400 	 36.462900 	 -5.375300
28.276900 	 39.678500 	 -3.630500
64.285300 	 -41.389000 	 1.675400
56.609300 	 -24.621500 	 -2.976300
48.794100 	 -8.600900 	 -8.470600
40.988700 	 6.680500 	 -12.539800
32.365300 	 23.612600 	 -15.723500
23.110500 	 28.354700 	 -13.884900
56.075000 	 -55.415100 	 -7.481100
48.790900 	 -39.531000 	 -12.895900
40.981400 	 -24.236200 	 -17.804600
33.356700 	 -7.944900 	 -22.740600
25.212000 	 9.802800 	 -25.978700
19.715300 	 17.749900 	 -22.394400
43.127000 	 -60.453800 	 -19.931400
37.115600 	 -46.448800 	 -23.784600
30.572800 	 -31.071400 	 -28.288200
24.557600 	 -15.474800 	 -32.054000
18.855000 	 -0.893700 	 -33.447400
19.460300 	 8.352900 	 -28.984000
84.347600 	 -5.218500 	 46.548600
75.790400 	 12.223400 	 39.885000
68.820500 	 27.710700 	 35.461900
61.179100 	 43.777400 	 32.678800
53.659000 	 58.827500 	 31.991600
43.937900 	 66.242000 	 29.554000
77.226800 	 -17.072300 	 36.701900
69.279300 	 -0.605700 	 30.936200
61.825500 	 15.590500 	 26.775800
54.288900 	 31.275500 	 22.283200
46.596800 	 47.131400 	 20.500400
35.501400 	 51.059800 	 14.190600
70.061700 	 -30.881600 	 26.619800
61.867300 	 -14.511200 	 21.632800
54.576400 	 1.721700 	 16.164100
47.104600 	 17.762200 	 12.104000
38.788400 	 32.931500 	 8.007100
28.323400 	 36.267700 	 0.012700
63.239100 	 -43.884900 	 18.745200
55.195100 	 -28.778700 	 12.520100
48.153200 	 -13.510800 	 7.249000
40.252100 	 2.782900 	 1.588200
31.638900 	 19.145000 	 -3.105400
23.305200 	 25.654900 	 -8.367500
54.798700 	 -60.945700 	 8.066400
47.240900 	 -46.254300 	 2.101700
39.997300 	 -30.628200 	 -3.354900
32.597900 	 -13.974000 	 -9.354800
24.751500 	 3.443300 	 -13.932800
20.452400 	 14.213100 	 -17.739000
41.572300 	 -67.484700 	 -6.396100
35.741500 	 -53.252900 	 -11.786800
29.460200 	 -38.107400 	 -16.434400
23.934700 	 -22.953200 	 -20.546200
19.080600 	 -8.092700 	 -23.580200
20.137700 	 4.668200 	 -24.480200
82.728800 	 -4.890100 	 68.236300
74.250200 	 11.947300 	 60.124900
66.847800 	 28.081700 	 55.139700
60.125400 	 42.999200 	 50.851800
52.784300 	 57.427100 	 47.131800
43.700700 	 63.960100 	 31.906500
75.481000 	 -17.050000 	 57.044400
68.027400 	 -1.294800 	 51.337400
60.055400 	 14.825400 	 44.685600
52.763300 	 30.024000 	 39.328900
45.573600 	 44.945800 	 35.013700
35.221300 	 47.862900 	 16.863700
68.255900 	 -31.637500 	 47.423400
60.567300 	 -16.262700 	 40.439100
52.810000 	 0.374000 	 34.134300
45.777700 	 15.314700 	 28.322800
37.736200 	 29.940600 	 21.655800
28.729000 	 33.267800 	 3.799900
61.121800 	 -46.940400 	 36.929000
53.292200 	 -31.089400 	 30.243800
46.098700 	 -16.257400 	 23.618600
38.405400 	 -0.272200 	 16.612600
30.969600 	 15.794200 	 10.914600
24.157100 	 22.214600 	 -4.982900
53.312900 	 -63.428900 	 25.753100
45.854400 	 -47.851100 	 18.759600
38.784000 	 -33.702000 	 11.705400
31.474000 	 -17.352000 	 5.239900
24.342800 	 -0.995300 	 -2.013700
21.748400 	 11.130500 	 -12.670900
40.249000 	 -71.766800 	 8.055500
34.357900 	 -57.446700 	 1.723100
28.455000 	 -42.612400 	 -3.762300
23.538900 	 -27.937400 	 -9.171300
19.443100 	 -13.393400 	 -13.604400
20.681400 	 1.741600 	 -19.329300
78.145600 	 2.324400 	 91.844000
69.687800 	 18.929500 	 81.543100
62.679000 	 34.294600 	 73.001800
56.357000 	 46.936600 	 64.588800
50.690700 	 56.595200 	 55.738800
43.797400 	 57.889900 	 32.441000
70.318400 	 -12.043600 	 79.197500
62.407800 	 4.450600 	 69.437800
54.866800 	 18.231000 	 59.706400
48.436800 	 31.415000 	 50.662800
42.369400 	 39.738100 	 40.105700
35.570200 	 38.964200 	 17.882200
63.224000 	 -26.998900 	 67.563900
54.606700 	 -12.621900 	 56.159600
47.176200 	 2.272800 	 46.497300
40.833100 	 14.436300 	 37.598500
35.000100 	 23.523400 	 27.292100
30.045800 	 24.773100 	 7.902400
55.898300 	 -42.051500 	 55.803300
48.916200 	 -27.567000 	 46.079700
41.655700 	 -13.697500 	 36.017500
35.104200 	 -0.373200 	 26.473200
29.763300 	 9.650100 	 16.447300
26.906800 	 15.043200 	 2.066400
48.714700 	 -57.106000 	 42.390700
41.531800 	 -42.555100 	 32.822600
35.147900 	 -29.525200 	 23.591900
29.648700 	 -16.310600 	 14.587400
25.491600 	 -4.955600 	 6.564900
24.619400 	 6.334500 	 -2.807500
37.188500 	 -60.251900 	 20.247800
32.034900 	 -46.640100 	 12.560600
28.104600 	 -35.086300 	 6.420800
25.264000 	 -24.838000 	 0.951300
23.966000 	 -16.216700 	 -3.435100
22.343600 	 -3.734700 	 -9.094800
73.448500 	 0.789200 	 -2.172200
64.317900 	 19.569800 	 -6.554900
55.883600 	 36.029300 	 -9.486100
46.772900 	 52.948600 	 -10.377500
33.746700 	 55.877400 	 0.568800
66.021300 	 -10.155900 	 -11.306500
56.836000 	 8.332100 	 -15.971900
48.306800 	 24.747600 	 -19.072000
39.278700 	 42.341500 	 -20.965000
26.415700 	 42.884100 	 -12.451300
58.612800 	 -21.366600 	 -19.643300
49.723800 	 -3.050100 	 -24.598600
41.311900 	 13.412500 	 -28.307800
31.981200 	 31.203900 	 -31.556700
20.815200 	 32.774200 	 -21.457300
51.266900 	 -33.816800 	 -28.926300
41.705600 	 -15.147300 	 -33.561100
33.915100 	 2.049000 	 -37.964100
24.852300 	 19.440400 	 -41.230500
17.339400 	 21.844800 	 -29.027800
37.534100 	 -35.875100 	 -38.389600
30.040000 	 -18.495400 	 -41.983800
23.940700 	 -3.381100 	 -45.257300
17.651300 	 10.843000 	 -45.363000
18.040800 	 12.075400 	 -33.303000
72.337300 	 -1.898300 	 12.336600
62.674400 	 16.914000 	 8.082300
54.891800 	 33.045100 	 4.589100
46.105700 	 49.461400 	 3.825600
33.611900 	 53.488400 	 8.375700
65.179300 	 -13.615400 	 3.002900
55.786500 	 4.856000 	 -1.196400
47.828400 	 21.161100 	 -5.701600
38.784400 	 37.360500 	 -7.351600
26.273400 	 39.168800 	 -5.421900
58.190900 	 -25.669200 	 -5.101000
48.825500 	 -8.051800 	 -9.746100
40.782400 	 8.320900 	 -15.139400
31.572200 	 25.645700 	 -17.529900
21.098700 	 27.545600 	 -14.651800
49.637800 	 -40.464400 	 -14.802600
40.633200 	 -22.627500 	 -19.592200
32.942100 	 -5.891000 	 -24.739500
23.957800 	 11.329400 	 -27.822400
17.667600 	 17.827800 	 -21.983600
36.043900 	 -45.078900 	 -25.681600
28.899100 	 -28.200700 	 -29.443400
23.093400 	 -14.283600 	 -32.611100
17.298700 	 0.641700 	 -33.887500
18.190500 	 8.023500 	 -27.737100
70.636000 	 -3.954400 	 29.254300
61.294600 	 14.733700 	 23.614200
54.090300 	 29.988900 	 19.791700
45.299400 	 46.839500 	 18.070200
33.249300 	 51.185800 	 13.771700
63.455900 	 -16.478200 	 20.030800
54.180700 	 1.554600 	 14.088200
46.942700 	 17.325000 	 9.805700
37.855100 	 34.191400 	 6.854600
26.276500 	 36.504200 	 0.213200
56.410000 	 -30.023000 	 11.192600
47.407300 	 -11.963200 	 5.134700
39.899100 	 3.493400 	 0.529300
30.974100 	 20.855800 	 -3.754900
21.628800 	 24.608900 	 -9.329600
48.123100 	 -46.175100 	 1.432100
39.358500 	 -28.219400 	 -5.073300
32.233800 	 -13.157300 	 -9.690100
23.554600 	 5.028800 	 -14.698700
18.625200 	 13.826900 	 -16.888500
34.578400 	 -53.346900 	 -11.513200
27.547000 	 -36.456200 	 -16.399800
22.299200 	 -22.007100 	 -20.620800
17.247400 	 -7.021500 	 -23.176200
18.842400 	 5.035800 	 -23.522600
68.157500 	 -4.867200 	 51.336100
59.507900 	 13.261600 	 44.472400
52.391200 	 28.336600 	 39.495500
44.411900 	 44.689100 	 34.959300
32.784400 	 48.500600 	 16.062100
61.604000 	 -18.785100 	 40.063200
52.205700 	 -0.889900 	 32.635100
45.537600 	 14.477400 	 27.516900
36.809200 	 30.959900 	 21.436100
26.001600 	 33.139100 	 3.215100
54.518200 	 -32.775400 	 30.432800
45.348600 	 -15.506600 	 22.777200
38.367100 	 -0.120600 	 16.642100
30.076300 	 17.198200 	 10.292200
21.940600 	 21.339600 	 -5.673500
46.664800 	 -49.937500 	 19.725200
37.671900 	 -32.276900 	 12.213500
31.056200 	 -17.178300 	 5.974900
22.853300 	 -0.072400 	 -1.710900
19.570000 	 11.251800 	 -12.667100
33.299000 	 -58.710000 	 2.548000
26.372900 	 -41.098800 	 -4.139100
21.605400 	 -27.059300 	 -9.119500
17.530400 	 -12.092800 	 -13.874900
19.213900 	 2.160500 	 -19.002400
62.081600 	 0.379100 	 70.848900
52.745100 	 17.532900 	 58.982500
46.554700 	 30.632900 	 50.335400
39.841900 	 40.304100 	 38.682600
32.664800 	 38.048400 	 14.648000
54.746600 	 -14.403000 	 58.669100
45.749000 	 2.216200 	 46.993800
39.608300 	 15.264300 	 38.206100
33.070900 	 25.274500 	 27.243200
27.485100 	 23.890100 	 5.710400
48.519900 	 -28.407400 	 48.652900
39.882600 	 -13.654000 	 36.188800
33.110400 	 -0.934900 	 26.034200
27.321100 	 10.104800 	 15.878900
24.559400 	 13.839100 	 0.327100
41.317000 	 -43.258700 	 35.480400
33.329700 	 -28.242800 	 24.135000
27.435700 	 -15.229300 	 15.130100
22.921100 	 -3.855300 	 6.744300
22.671400 	 5.946100 	 -4.002400
30.170700 	 -46.375800 	 13.209200
25.621000 	 -32.914600 	 5.691600
23.052700 	 -22.597300 	 0.280700
21.941900 	 -14.554900 	 -3.913500
20.733500 	 -3.379700 	 -8.864900
61.232200 	 1.058500 	 -1.447800
53.180300 	 17.089100 	 -5.181300
45.759700 	 30.658700 	 -7.782700
37.903100 	 44.713700 	 -8.849900
26.288700 	 44.281900 	 -3.463900
55.565800 	 -7.807300 	 -8.479100
46.999700 	 8.081900 	 -12.361300
39.504500 	 21.776000 	 -15.364800
31.593100 	 35.748700 	 -17.230900
21.278900 	 33.621100 	 -12.201300
49.010600 	 -17.865800 	 -15.624100
40.913700 	 -2.192500 	 -19.970300
33.347100 	 11.368700 	 -23.433100
25.410400 	 25.721300 	 -25.774400
17.392000 	 24.579300 	 -19.075400
41.461200 	 -28.442000 	 -22.930700
33.662100 	 -13.317500 	 -27.908900
26.738400 	 1.414500 	 -31.430300
20.175000 	 16.076100 	 -33.998600
15.238400 	 16.361400 	 -23.885300
30.180100 	 -30.913300 	 -30.935700
24.199200 	 -16.897700 	 -34.128600
19.201500 	 -4.114300 	 -36.545600
14.785200 	 6.464400 	 -36.140400
16.632200 	 9.155900 	 -28.063700
60.063500 	 -1.328900 	 10.732200
51.989000 	 14.090300 	 6.791900
45.055900 	 28.209200 	 3.656600
37.371500 	 41.957200 	 2.451300
26.228700 	 41.754200 	 1.488100
54.294700 	 -11.017100 	 3.552100
45.942300 	 3.758300 	 -1.091200
39.147500 	 18.869200 	 -4.587700
31.259100 	 32.203800 	 -6.661900
21.380100 	 31.129300 	 -7.201700
48.305700 	 -21.762200 	 -3.677800
40.160700 	 -6.954100 	 -7.909200
33.232300 	 7.701900 	 -11.982100
25.694000 	 21.634800 	 -14.350500
18.039300 	 21.161900 	 -14.302200
40.795900 	 -34.530100 	 -11.026200
33.178200 	 -19.881800 	 -15.354600
26.496500 	 -5.082500 	 -20.142400
19.950000 	 9.390700 	 -22.367700
16.132100 	 13.596300 	 -19.324600
28.952800 	 -38.185800 	 -20.025900
23.073500 	 -24.474000 	 -22.976900
18.525500 	 -11.566600 	 -26.407300
14.621400 	 -0.781500 	 -26.634900
17.160300 	 6.665700 	 -24.397300
58.362400 	 -2.929200 	 23.432400
50.646900 	 12.181900 	 19.713700
43.905300 	 25.102000 	 16.510000
36.894000 	 39.264400 	 14.248500
25.740300 	 39.466200 	 4.649800
52.387800 	 -14.095900 	 16.076400
44.389000 	 1.553500 	 11.504200
37.636400 	 13.503000 	 7.963200
30.082400 	 27.924200 	 4.270100
21.240300 	 27.369000 	 -4.670400
46.256400 	 -25.252900 	 9.678800
38.720700 	 -10.225700 	 4.192400
32.114100 	 2.404000 	 0.556300
24.637600 	 16.555700 	 -3.982500
18.207400 	 18.285600 	 -11.093600
39.385600 	 -38.624700 	 0.881400
32.121000 	 -24.029100 	 -4.635600
26.009400 	 -11.443500 	 -7.953100
19.082900 	 3.666500 	 -12.127800
17.031000 	 10.859100 	 -16.029000
27.606800 	 -43.164000 	 -9.777500
22.186200 	 -28.993300 	 -14.001900
18.202800 	 -17.859700 	 -16.433700
14.817200 	 -5.934800 	 -18.648100
17.637000 	 4.142800 	 -21.200800
56.297200 	 -3.860700 	 41.385700
48.770200 	 11.274600 	 35.778000
42.451000 	 23.003800 	 31.200900
35.170100 	 36.844300 	 25.771400
25.760300 	 36.855300 	 6.717300
49.976000 	 -15.297100 	 33.363500
42.722700 	 -0.379300 	 27.013300
37.113100 	 13.443400 	 22.099100
30.025100 	 26.221200 	 15.508100
21.681900 	 25.487300 	 -1.951000
45.258200 	 -27.779700 	 25.047200
37.661400 	 -12.562700 	 18.559000
31.330000 	 0.521000 	 12.901500
24.283300 	 13.884000 	 5.987200
19.044300 	 15.719400 	 -8.400600
38.190500 	 -42.298000 	 15.550300
30.865700 	 -26.694000 	 8.921500
25.279500 	 -13.736100 	 3.476300
18.922600 	 -0.094700 	 -3.032500
18.154300 	 8.756700 	 -13.092000
26.840800 	 -46.184400 	 0.475500
21.447700 	 -31.675700 	 -4.832600
18.050800 	 -20.436700 	 -8.949000
15.665400 	 -9.146400 	 -12.957700
18.183500 	 1.842600 	 -17.901000
49.958500 	 0.020100 	 55.132200
42.392800 	 13.527700 	 44.392200
37.045500 	 24.334800 	 36.583200
31.602700 	 31.540700 	 26.385000
26.621400 	 27.193000 	 6.147700
44.312600 	 -10.970000 	 45.341400
36.784300 	 1.973100 	 34.540400
31.813100 	 12.085200 	 26.840400
26.810800 	 18.692000 	 16.877300
23.617500 	 16.608700 	 0.585700
38.672900 	 -23.321600 	 35.888700
31.709900 	 -11.181600 	 25.593200
26.831500 	 -0.569900 	 17.864500
22.627700 	 6.858800 	 9.395300
21.782500 	 10.390100 	 -2.624300
32.597400 	 -35.065600 	 25.187400
26.802400 	 -22.172100 	 15.994600
22.870500 	 -12.393600 	 9.195500
19.993500 	 -3.921100 	 2.251800
21.037200 	 4.379000 	 -5.427300
24.699000 	 -33.657300 	 6.242700
22.297400 	 -24.061700 	 1.065600
21.188300 	 -17.226100 	 -2.362000
20.310800 	 -11.950500 	 -5.289600
19.448400 	 -2.968100 	 -8.812000
43.882600 	 1.727800 	 -0.607000
37.057500 	 12.904200 	 -3.209200
31.610100 	 23.551500 	 -5.406500
25.342300 	 32.913500 	 -6.392600
17.918000 	 28.339100 	 -7.862800
39.397200 	 -5.178900 	 -5.752100
33.245700 	 5.886400 	 -8.108600
27.451600 	 16.571300 	 -10.875500
21.106900 	 25.829700 	 -12.301000
15.575500 	 20.529900 	 -12.673100
33.929600 	 -12.869700 	 -10.900400
28.374700 	 -1.872400 	 -13.564000
22.726200 	 9.247700 	 -16.316700
17.238400 	 18.116600 	 -17.762900
14.533500 	 14.701500 	 -16.199900
28.283200 	 -21.550100 	 -16.678100
22.524300 	 -10.173000 	 -19.032600
17.482000 	 0.282500 	 -21.769000
13.105800 	 9.127300 	 -22.310500
13.477300 	 10.376700 	 -18.574300
19.442100 	 -21.060900 	 -21.495000
16.007500 	 -11.940000 	 -23.266300
13.275000 	 -4.329500 	 -24.016400
11.372400 	 1.713600 	 -23.134600
15.606900 	 6.205200 	 -22.681400
41.876500 	 0.123400 	 7.970400
36.457400 	 10.720300 	 5.307300
30.632100 	 20.718800 	 2.897200
24.962700 	 30.291400 	 0.844800
18.075000 	 25.885400 	 -6.501300
37.420100 	 -7.332700 	 2.717900
31.832300 	 3.063500 	 -0.436700
26.480000 	 12.809900 	 -3.520600
20.483400 	 22.424100 	 -5.435200
16.093500 	 17.983100 	 -11.658200
33.028400 	 -15.353300 	 -2.898900
27.523000 	 -4.583600 	 -5.794900
22.759700 	 4.994100 	 -8.686400
17.137200 	 15.108300 	 -10.770000
14.996200 	 13.198500 	 -14.374400
27.517000 	 -24.778500 	 -8.490900
22.009600 	 -13.552400 	 -11.633600
17.643100 	 -4.286900 	 -14.469600
13.435200 	 5.603100 	 -16.391900
14.734600 	 8.754200 	 -17.036300
18.957300 	 -24.809700 	 -15.000400
15.713700 	 -15.395300 	 -17.008400
13.131600 	 -7.439600 	 -18.241800
11.714800 	 -1.097100 	 -18.802700
15.972600 	 4.725400 	 -20.410500
39.517000 	 -1.294300 	 17.966700
34.418500 	 8.933000 	 15.257000
29.391000 	 19.237100 	 11.675000
24.285200 	 29.052000 	 7.912900
18.167600 	 25.338900 	 -4.264000
36.375900 	 -9.585700 	 10.920900
30.791500 	 1.830500 	 7.319100
25.765700 	 11.768700 	 4.135900
20.398500 	 20.377300 	 1.469800
16.547800 	 16.708400 	 -9.926100
31.695300 	 -18.619500 	 5.603200
26.097500 	 -6.903000 	 1.606400
21.518900 	 2.940400 	 -1.724700
16.746200 	 11.341400 	 -4.302600
15.867200 	 11.295100 	 -12.823800
26.801200 	 -27.811900 	 -0.468900
21.352800 	 -16.280600 	 -4.901200
17.460900 	 -7.068400 	 -8.058900
13.396100 	 1.944300 	 -9.946400
16.092600 	 7.596200 	 -15.736300
18.733100 	 -27.998500 	 -8.678900
15.310900 	 -17.472900 	 -11.600700
13.396800 	 -9.929000 	 -13.580600
12.382600 	 -3.596600 	 -14.688600
16.550700 	 3.206000 	 -18.943500
39.506100 	 -1.927500 	 29.074300
33.345500 	 8.711000 	 23.003000
28.740600 	 18.659600 	 19.060000
23.404600 	 26.573400 	 14.156300
18.897600 	 22.264000 	 -4.092000
34.368200 	 -10.221100 	 22.047300
28.522700 	 0.150500 	 16.838800
24.073200 	 9.095600 	 12.414700
19.429700 	 17.368700 	 6.736100
16.896800 	 15.312000 	 -7.685200
29.824200 	 -19.627400 	 15.882100
25.239300 	 -9.202800 	 11.194800
20.265300 	 0.925600 	 5.876300
16.669500 	 9.178000 	 0.955300
16.704500 	 9.920400 	 -10.976200
25.279200 	 -29.161100 	 8.644900
20.772000 	 -18.525700 	 3.628100
16.570800 	 -8.465600 	 -1.024600
13.511300 	 -0.591700 	 -5.302000
16.998200 	 6.166500 	 -13.208700
17.822300 	 -26.689700 	 -3.565900
15.482100 	 -18.166800 	 -6.764500
13.846000 	 -10.552900 	 -9.375500
13.440500 	 -5.255600 	 -11.921400
17.257700 	 1.569100 	 -16.471100
32.152100 	 0.459900 	 30.665600
28.265900 	 9.229200 	 24.015500
24.107400 	 15.414100 	 16.684500
21.364400 	 18.663800 	 10.087600
21.550400 	 16.199300 	 -1.162300
28.122400 	 -7.700900 	 23.546300
24.487600 	 0.619200 	 17.202800
21.190600 	 6.694500 	 11.093200
18.960800 	 9.723900 	 4.926100
20.126500 	 10.053200 	 -3.814300
24.994300 	 -15.207400 	 17.574800
21.435000 	 -7.780800 	 11.000500
18.851500 	 -1.442200 	 5.940700
17.086800 	 2.400600 	 1.238500
19.605000 	 6.510300 	 -5.383000
21.576500 	 -21.323100 	 10.644100
18.923700 	 -13.844200 	 5.551400
16.877200 	 -8.022700 	 1.827000
16.246600 	 -3.348000 	 -1.885300
19.425200 	 3.209700 	 -6.613800
19.094600 	 -20.303800 	 -0.184200
18.295200 	 -14.923100 	 -3.129200
18.000000 	 -11.418100 	 -4.865600
18.116400 	 -8.312500 	 -6.577600
18.700500 	 -2.199900 	 -9.090100
5.194200 	 2.791100 	 -3.887800
5.585700 	 3.165600 	 -4.895400
6.198200 	 3.375200 	 -6.080000
11.172900 	 5.053200 	 -10.858700
5.264700 	 1.538900 	 -4.927300
5.631100 	 1.773300 	 -5.534000
6.215000 	 2.204200 	 -6.926900
11.223600 	 4.168500 	 -11.216000
5.389300 	 0.557000 	 -5.946700
5.818800 	 1.010700 	 -6.846800
6.624600 	 1.341000 	 -7.896300
11.530400 	 3.485600 	 -11.649000
6.942100 	 -0.732000 	 -9.052000
7.599100 	 -0.440100 	 -9.819300
8.730500 	 -0.049900 	 -10.636000
12.334900 	 1.784000 	 -12.686900
5.541900 	 2.621800 	 -4.073400
5.902900 	 2.825800 	 -4.691100
6.521100 	 3.155400 	 -5.787600
11.387800 	 4.808800 	 -10.333200
5.574400 	 1.168500 	 -4.854000
5.992600 	 1.485800 	 -5.761300
6.718800 	 1.824700 	 -6.900800
11.595200 	 3.955300 	 -10.829600
5.643800 	 0.339400 	 -5.652500
6.155900 	 0.656700 	 -6.765600
6.989800 	 1.043000 	 -7.666400
12.028800 	 3.218400 	 -11.131700
7.680500 	 -1.423500 	 -9.014900
8.429300 	 -0.953000 	 -9.676000
9.285400 	 -0.456400 	 -10.354200
12.357500 	 1.131100 	 -11.215100
6.197400 	 2.230000 	 -3.984500
6.506700 	 2.603100 	 -4.775400
7.255700 	 2.807600 	 -5.855700
12.085000 	 4.564500 	 -9.682500
6.128100 	 0.903900 	 -4.961200
6.708500 	 1.168300 	 -5.849200
7.319200 	 1.585600 	 -6.694300
11.974200 	 3.586800 	 -9.907100
6.413900 	 -0.175500 	 -5.984000
6.870500 	 0.246100 	 -6.695600
7.768100 	 0.691700 	 -7.634300
12.140800 	 2.974200 	 -10.360000
8.099100 	 -1.795600 	 -8.466500
9.025300 	 -1.440700 	 -9.226000
10.179000 	 -0.880800 	 -10.088600
12.799400 	 0.796300 	 -11.132200
9.326100 	 0.510700 	 -4.339200
9.989100 	 0.833500 	 -5.130700
11.090300 	 1.079400 	 -5.809600
13.822700 	 3.383000 	 -6.263700
9.581300 	 -0.940000 	 -5.218600
10.391600 	 -0.615800 	 -5.775400
11.434800 	 -0.219200 	 -6.310900
13.778700 	 2.305800 	 -6.600800
9.893100 	 -2.084300 	 -5.456100
10.763800 	 -1.596000 	 -6.093000
11.699900 	 -0.959800 	 -6.638300
13.722900 	 1.215500 	 -6.500400
12.111000 	 -4.075000 	 -7.066100
12.578500 	 -3.656900 	 -7.295000
12.949500 	 -3.246900 	 -7.378700
8.297200 	 -0.813100 	 -5.472900
