P3
192 1
63
0 0 0
4 4 4
8 8 8
12 12 12
16 16 16
21 21 21
25 25 25
29 29 29
33 33 33
37 37 37
42 42 42
46 46 46
50 50 50
54 54 54
58 58 58
63 63 63
0 0 0
0 0 4
0 0 8
0 0 12
0 0 16
0 0 21
0 0 25
0 0 29
0 0 33
0 0 37
0 0 42
0 0 46
0 0 50
0 0 54
0 0 58
0 0 63
0 0 0
0 4 0
0 8 0
0 12 0
0 16 0
0 21 0
0 25 0
0 29 0
0 33 0
0 37 0
0 42 0
0 46 0
0 50 0
0 54 0
0 58 0
0 63 0
0 0 0
2 4 3
4 8 7
6 12 10
8 16 14
10 21 17
12 25 21
14 29 24
17 33 28
19 37 31
21 42 35
23 46 38
25 50 42
27 54 45
29 58 49
32 63 53
0 0 0
4 0 0
8 0 0
12 0 0
16 0 0
21 0 0
25 0 0
29 0 0
33 0 0
37 0 0
42 0 0
46 0 0
50 0 0
54 0 0
58 0 0
63 0 0
0 0 0
2 1 4
4 3 8
6 5 12
8 7 16
11 9 21
13 11 25
15 13 29
17 14 33
19 16 37
22 18 42
24 20 46
26 22 50
28 24 54
30 26 58
33 28 63
0 0 0
3 2 1
7 4 2
11 6 3
15 8 4
19 10 5
23 12 6
27 14 7
31 16 8
35 18 9
39 20 10
43 22 11
47 24 12
51 26 13
55 28 14
59 30 16
0 0 0
1 2 4
3 5 8
5 8 12
6 10 16
8 13 21
10 16 25
11 18 29
13 21 33
15 24 37
16 26 42
18 29 46
20 32 50
21 34 54
23 37 58
25 40 63
0 0 0
4 2 1
8 4 3
12 6 5
16 8 6
21 10 8
25 12 10
29 14 11
33 16 13
37 18 15
42 20 16
46 22 18
50 24 20
54 26 21
58 28 23
63 31 25
0 0 0
1 4 1
2 8 2
3 12 3
4 16 4
6 21 6
7 25 7
8 29 8
9 33 9
10 37 10
12 42 12
13 46 13
14 50 14
15 54 15
16 58 16
18 63 18
63 48 48
61 48 48
59 48 49
57 48 50
55 48 50
53 49 51
51 49 52
49 49 52
47 49 53
45 49 54
43 50 54
41 50 55
39 50 56
37 50 56
35 50 57
33 51 58
33 51 58
31 48 57
29 45 56
27 41 54
25 38 53
22 34 52
20 31 50
18 28 49
16 24 48
14 21 46
11 17 45
9 14 44
7 11 42
5 7 41
3 4 40
0 0 38
